PEI 25 kg/mol, 2 mg/ml from Ethanol on B 10 x 15 mm + H 1x1 mm, 70 nm, 30 µm, 1st desorption, 21.4.2026, 14:21
Diameter[mm] 1.128e+00  Thickness[mm] 1.000e-04  Spacer Capacity[pF] 0.000e+00  Spacer Area[mm^2] 0.000e+00
Fixed value(s) :  AC Volt  [Vrms]=1.000
 Freq. [Hz]	 Time  [s]	 Eps'   	 Eps''  	M Temp [K]	M Time M[s]	  Phi [Deg]	 Zp' [Ohms]	 Zp'' [Ohms]	Tan(Phi) 
 9.0000e+05	 0.0000e+00	 2.9715e+00	 8.3863e-02	 2.8427e+02	 1.2960e+01	-8.8383e+01	 2.3843e+04	 6.7289e+02	-3.5433e+01
 6.0000e+05	 0.0000e+00	 2.9639e+00	 1.6068e-01	 2.8427e+02	 1.5690e+01	-8.6897e+01	 1.8667e+04	 1.0119e+03	-1.8447e+01
 4.0000e+05	 0.0000e+00	 3.0042e+00	 1.6562e-01	 2.8427e+02	 1.8440e+01	-8.6845e+01	 2.7165e+04	 1.4975e+03	-1.8140e+01
 2.6667e+05	 0.0000e+00	 3.0459e+00	 1.7170e-01	 2.8427e+02	 2.0940e+01	-8.6773e+01	 3.9302e+04	 2.2156e+03	-1.7739e+01
 1.7778e+05	 0.0000e+00	 3.0891e+00	 1.7893e-01	 2.8427e+02	 2.3610e+01	-8.6685e+01	 5.6572e+04	 3.2769e+03	-1.7264e+01
 1.1852e+05	 0.0000e+00	 3.1336e+00	 1.8784e-01	 2.8427e+02	 2.6070e+01	-8.6570e+01	 8.0833e+04	 4.8455e+03	-1.6682e+01
 7.9012e+04	 0.0000e+00	 3.1796e+00	 1.9913e-01	 2.8427e+02	 2.8500e+01	-8.6416e+01	 1.1438e+05	 7.1631e+03	-1.5967e+01
 5.2675e+04	 0.0000e+00	 3.2157e+00	 2.1406e-01	 2.8427e+02	 3.1110e+01	-8.6192e+01	 1.5960e+05	 1.0624e+04	-1.5022e+01
 3.5117e+04	 0.0000e+00	 3.2662e+00	 2.3307e-01	 2.8427e+02	 3.3820e+01	-8.5918e+01	 2.1987e+05	 1.5690e+04	-1.4014e+01
 2.3411e+04	 0.0000e+00	 3.3199e+00	 2.5827e-01	 2.8427e+02	 3.6270e+01	-8.5552e+01	 2.9763e+05	 2.3154e+04	-1.2854e+01
 1.5607e+04	 0.0000e+00	 3.3790e+00	 2.9191e-01	 2.8427e+02	 3.8820e+01	-8.5063e+01	 3.9500e+05	 3.4123e+04	-1.1576e+01
 1.0405e+04	 0.0000e+00	 3.4463e+00	 3.3670e-01	 2.8427e+02	 4.1250e+01	-8.4420e+01	 5.1367e+05	 5.0185e+04	-1.0236e+01
 6.9366e+03	 0.0000e+00	 3.5272e+00	 3.9452e-01	 2.8427e+02	 4.3940e+01	-8.3618e+01	 6.5759e+05	 7.3552e+04	-8.9405e+00
 4.6244e+03	 0.0000e+00	 3.6298e+00	 4.6512e-01	 2.8427e+02	 4.6750e+01	-8.2698e+01	 8.3665e+05	 1.0721e+05	-7.8040e+00
 3.0829e+03	 0.0000e+00	 3.7727e+00	 5.4121e-01	 2.8427e+02	 4.9440e+01	-8.1836e+01	 1.0785e+06	 1.5472e+05	-6.9709e+00
 2.0553e+03	 0.0000e+00	 3.9416e+00	 6.0794e-01	 2.8427e+02	 5.1940e+01	-8.1232e+01	 1.4402e+06	 2.2214e+05	-6.4836e+00
 1.3702e+03	 0.0000e+00	 4.1383e+00	 6.4830e-01	 2.8427e+02	 5.4540e+01	-8.1096e+01	 2.0258e+06	 3.1737e+05	-6.3832e+00
 9.1346e+02	 0.0000e+00	 4.3448e+00	 6.5255e-01	 2.8426e+02	 5.7000e+01	-8.1458e+01	 3.0190e+06	 4.5343e+05	-6.6581e+00
 6.0898e+02	 0.0000e+00	 4.5421e+00	 6.2325e-01	 2.8427e+02	 5.9570e+01	-8.2187e+01	 4.7414e+06	 6.5060e+05	-7.2878e+00
 4.0598e+02	 0.0000e+00	 4.7078e+00	 5.7699e-01	 2.8426e+02	 6.2250e+01	-8.3013e+01	 7.6823e+06	 9.4155e+05	-8.1592e+00
 2.7066e+02	 0.0000e+00	 4.8583e+00	 5.1645e-01	 2.8427e+02	 6.4690e+01	-8.3932e+01	 1.2874e+07	 1.3686e+06	-9.4073e+00
 1.8044e+02	 0.0000e+00	 4.9846e+00	 4.5361e-01	 2.8427e+02	 6.7500e+01	-8.4800e+01	 2.1987e+07	 2.0009e+06	-1.0989e+01
 1.2029e+02	 0.0000e+00	 5.0895e+00	 3.9357e-01	 2.8427e+02	 7.0190e+01	-8.5578e+01	 3.8011e+07	 2.9394e+06	-1.2932e+01
 1.0000e+02	 0.0000e+00	 5.1315e+00	 3.6788e-01	 2.8426e+02	 7.2770e+01	-8.5899e+01	 4.8917e+07	 3.5069e+06	-1.3949e+01
 9.0000e+05	 7.0000e+01	 2.9721e+00	 8.3530e-02	 2.8427e+02	 8.1570e+01	-8.8390e+01	 2.3938e+04	 6.7277e+02	-3.5581e+01
 6.0000e+05	 7.0000e+01	 2.9643e+00	 1.6086e-01	 2.8427e+02	 8.4300e+01	-8.6894e+01	 1.8646e+04	 1.0118e+03	-1.8428e+01
 4.0000e+05	 7.0000e+01	 3.0047e+00	 1.6588e-01	 2.8426e+02	 8.6880e+01	-8.6840e+01	 2.7121e+04	 1.4973e+03	-1.8113e+01
 2.6667e+05	 7.0000e+01	 3.0465e+00	 1.7203e-01	 2.8427e+02	 8.9540e+01	-8.6768e+01	 3.9228e+04	 2.2151e+03	-1.7709e+01
 1.7778e+05	 7.0000e+01	 3.0897e+00	 1.7928e-01	 2.8426e+02	 9.2070e+01	-8.6679e+01	 5.6463e+04	 3.2763e+03	-1.7234e+01
 1.1852e+05	 7.0000e+01	 3.1343e+00	 1.8825e-01	 2.8426e+02	 9.4630e+01	-8.6563e+01	 8.0659e+04	 4.8444e+03	-1.6650e+01
 7.9012e+04	 7.0000e+01	 3.1804e+00	 1.9958e-01	 2.8427e+02	 9.7070e+01	-8.6409e+01	 1.1412e+05	 7.1613e+03	-1.5936e+01
 5.2675e+04	 7.0000e+01	 3.2167e+00	 2.1462e-01	 2.8426e+02	 9.9500e+01	-8.6183e+01	 1.5918e+05	 1.0621e+04	-1.4988e+01
 3.5117e+04	 7.0000e+01	 3.2673e+00	 2.3365e-01	 2.8427e+02	 1.0222e+02	-8.5910e+01	 2.1932e+05	 1.5684e+04	-1.3984e+01
 2.3411e+04	 7.0000e+01	 3.3212e+00	 2.5892e-01	 2.8427e+02	 1.0469e+02	-8.5542e+01	 2.9688e+05	 2.3145e+04	-1.2827e+01
 1.5607e+04	 7.0000e+01	 3.3805e+00	 2.9276e-01	 2.8427e+02	 1.0719e+02	-8.5050e+01	 3.9384e+05	 3.4108e+04	-1.1547e+01
 1.0405e+04	 7.0000e+01	 3.4480e+00	 3.3773e-01	 2.8427e+02	 1.0975e+02	-8.4406e+01	 5.1211e+05	 5.0160e+04	-1.0209e+01
 6.9366e+03	 7.0000e+01	 3.5292e+00	 3.9574e-01	 2.8426e+02	 1.1225e+02	-8.3602e+01	 6.5556e+05	 7.3511e+04	-8.9180e+00
 4.6244e+03	 7.0000e+01	 3.6323e+00	 4.6648e-01	 2.8426e+02	 1.1513e+02	-8.2682e+01	 8.3422e+05	 1.0714e+05	-7.7865e+00
 3.0829e+03	 7.0000e+01	 3.7756e+00	 5.4268e-01	 2.8427e+02	 1.1763e+02	-8.1821e+01	 1.0756e+06	 1.5460e+05	-6.9574e+00
 2.0553e+03	 7.0000e+01	 3.9451e+00	 6.0912e-01	 2.8426e+02	 1.2032e+02	-8.1223e+01	 1.4375e+06	 2.2194e+05	-6.4767e+00
 1.3702e+03	 7.0000e+01	 4.1422e+00	 6.4894e-01	 2.8426e+02	 1.2275e+02	-8.1096e+01	 2.0239e+06	 3.1707e+05	-6.3830e+00
 9.1346e+02	 7.0000e+01	 4.3487e+00	 6.5260e-01	 2.8426e+02	 1.2525e+02	-8.1465e+01	 3.0188e+06	 4.5302e+05	-6.6636e+00
 6.0898e+02	 7.0000e+01	 4.5457e+00	 6.2271e-01	 2.8426e+02	 1.2794e+02	-8.2200e+01	 4.7455e+06	 6.5008e+05	-7.2999e+00
 4.0598e+02	 7.0000e+01	 4.7113e+00	 5.7623e-01	 2.8426e+02	 1.3085e+02	-8.3027e+01	 7.6924e+06	 9.4085e+05	-8.1760e+00
 2.7066e+02	 7.0000e+01	 4.8614e+00	 5.1540e-01	 2.8427e+02	 1.3332e+02	-8.3948e+01	 1.2901e+07	 1.3677e+06	-9.4324e+00
 1.8044e+02	 7.0000e+01	 4.9873e+00	 4.5230e-01	 2.8426e+02	 1.3577e+02	-8.4818e+01	 2.2050e+07	 1.9998e+06	-1.1027e+01
 1.2029e+02	 7.0000e+01	 5.0919e+00	 3.9258e-01	 2.8426e+02	 1.3869e+02	-8.5591e+01	 3.8107e+07	 2.9380e+06	-1.2970e+01
 1.0000e+02	 7.0000e+01	 5.1338e+00	 3.6704e-01	 2.8426e+02	 1.4119e+02	-8.5911e+01	 4.9029e+07	 3.5054e+06	-1.3987e+01
 9.0000e+05	 1.3840e+02	 2.9726e+00	 8.4116e-02	 2.8427e+02	 1.5019e+02	-8.8379e+01	 2.3771e+04	 6.7265e+02	-3.5340e+01
 6.0000e+05	 1.3840e+02	 2.9648e+00	 1.6116e-01	 2.8426e+02	 1.5310e+02	-8.6889e+01	 1.8611e+04	 1.0116e+03	-1.8397e+01
 4.0000e+05	 1.3840e+02	 3.0052e+00	 1.6622e-01	 2.8426e+02	 1.5557e+02	-8.6834e+01	 2.7066e+04	 1.4970e+03	-1.8080e+01
 2.6667e+05	 1.3840e+02	 3.0470e+00	 1.7231e-01	 2.8427e+02	 1.5800e+02	-8.6763e+01	 3.9164e+04	 2.2147e+03	-1.7684e+01
 1.7778e+05	 1.3840e+02	 3.0904e+00	 1.7957e-01	 2.8427e+02	 1.6069e+02	-8.6675e+01	 5.6372e+04	 3.2755e+03	-1.7210e+01
 1.1852e+05	 1.3840e+02	 3.1350e+00	 1.8862e-01	 2.8427e+02	 1.6319e+02	-8.6557e+01	 8.0500e+04	 4.8433e+03	-1.6621e+01
 7.9012e+04	 1.3840e+02	 3.1813e+00	 1.9990e-01	 2.8426e+02	 1.6586e+02	-8.6404e+01	 1.1393e+05	 7.1593e+03	-1.5914e+01
 5.2675e+04	 1.3840e+02	 3.2176e+00	 2.1499e-01	 2.8427e+02	 1.6838e+02	-8.6177e+01	 1.5891e+05	 1.0618e+04	-1.4966e+01
 3.5117e+04	 1.3840e+02	 3.2686e+00	 2.3426e-01	 2.8427e+02	 1.7122e+02	-8.5901e+01	 2.1876e+05	 1.5678e+04	-1.3953e+01
 2.3411e+04	 1.3840e+02	 3.3224e+00	 2.5964e-01	 2.8427e+02	 1.7369e+02	-8.5532e+01	 2.9605e+05	 2.3136e+04	-1.2796e+01
 1.5607e+04	 1.3840e+02	 3.3820e+00	 2.9381e-01	 2.8426e+02	 1.7619e+02	-8.5035e+01	 3.9244e+05	 3.4093e+04	-1.1511e+01
 1.0405e+04	 1.3840e+02	 3.4498e+00	 3.3882e-01	 2.8427e+02	 1.7875e+02	-8.4391e+01	 5.1046e+05	 5.0135e+04	-1.0182e+01
 6.9366e+03	 1.3840e+02	 3.5313e+00	 3.9707e-01	 2.8426e+02	 1.8125e+02	-8.3584e+01	 6.5336e+05	 7.3467e+04	-8.8933e+00
 4.6244e+03	 1.3840e+02	 3.6349e+00	 4.6797e-01	 2.8426e+02	 1.8407e+02	-8.2664e+01	 8.3156e+05	 1.0706e+05	-7.7674e+00
 3.0829e+03	 1.3840e+02	 3.7788e+00	 5.4419e-01	 2.8426e+02	 1.8650e+02	-8.1805e+01	 1.0726e+06	 1.5447e+05	-6.9440e+00
 2.0553e+03	 1.3840e+02	 3.9490e+00	 6.1030e-01	 2.8426e+02	 1.8894e+02	-8.1215e+01	 1.4347e+06	 2.2172e+05	-6.4705e+00
 1.3702e+03	 1.3840e+02	 4.1465e+00	 6.4971e-01	 2.8426e+02	 1.9150e+02	-8.1095e+01	 2.0215e+06	 3.1675e+05	-6.3820e+00
 9.1346e+02	 1.3840e+02	 4.3532e+00	 6.5261e-01	 2.8426e+02	 1.9394e+02	-8.1474e+01	 3.0188e+06	 4.5256e+05	-6.6705e+00
 6.0898e+02	 1.3840e+02	 4.5499e+00	 6.2233e-01	 2.8426e+02	 1.9680e+02	-8.2212e+01	 4.7484e+06	 6.4948e+05	-7.3112e+00
 4.0598e+02	 1.3840e+02	 4.7152e+00	 5.7524e-01	 2.8426e+02	 1.9950e+02	-8.3044e+01	 7.7056e+06	 9.4006e+05	-8.1969e+00
 2.7066e+02	 1.3840e+02	 4.8648e+00	 5.1428e-01	 2.8426e+02	 2.0221e+02	-8.3965e+01	 1.2929e+07	 1.3668e+06	-9.4594e+00
 1.8044e+02	 1.3840e+02	 4.9903e+00	 4.5138e-01	 2.8426e+02	 2.0471e+02	-8.4832e+01	 2.2095e+07	 1.9986e+06	-1.1056e+01
 1.2029e+02	 1.3840e+02	 5.0944e+00	 3.9137e-01	 2.8426e+02	 2.0743e+02	-8.5607e+01	 3.8225e+07	 2.9365e+06	-1.3017e+01
 1.0000e+02	 1.3840e+02	 5.1358e+00	 3.6584e-01	 2.8426e+02	 2.0996e+02	-8.5925e+01	 4.9190e+07	 3.5040e+06	-1.4038e+01
 9.0000e+05	 2.0720e+02	 2.9732e+00	 8.4202e-02	 2.8427e+02	 2.1924e+02	-8.8378e+01	 2.3747e+04	 6.7252e+02	-3.5310e+01
 6.0000e+05	 2.0720e+02	 2.9657e+00	 1.6130e-01	 2.8427e+02	 2.2207e+02	-8.6887e+01	 1.8594e+04	 1.0113e+03	-1.8386e+01
 4.0000e+05	 2.0720e+02	 3.0059e+00	 1.6650e-01	 2.8427e+02	 2.2463e+02	-8.6830e+01	 2.7020e+04	 1.4967e+03	-1.8053e+01
 2.6667e+05	 2.0720e+02	 3.0480e+00	 1.7248e-01	 2.8426e+02	 2.2713e+02	-8.6761e+01	 3.9126e+04	 2.2140e+03	-1.7672e+01
 1.7778e+05	 2.0720e+02	 3.0912e+00	 1.7996e-01	 2.8427e+02	 2.2980e+02	-8.6668e+01	 5.6249e+04	 3.2747e+03	-1.7177e+01
 1.1852e+05	 2.0720e+02	 3.1360e+00	 1.8891e-01	 2.8427e+02	 2.3225e+02	-8.6553e+01	 8.0377e+04	 4.8418e+03	-1.6601e+01
 7.9012e+04	 2.0720e+02	 3.1822e+00	 2.0037e-01	 2.8426e+02	 2.3469e+02	-8.6397e+01	 1.1367e+05	 7.1572e+03	-1.5882e+01
 5.2675e+04	 2.0720e+02	 3.2189e+00	 2.1547e-01	 2.8426e+02	 2.3744e+02	-8.6170e+01	 1.5855e+05	 1.0613e+04	-1.4939e+01
 3.5117e+04	 2.0720e+02	 3.2698e+00	 2.3479e-01	 2.8427e+02	 2.4029e+02	-8.5893e+01	 2.1826e+05	 1.5672e+04	-1.3926e+01
 2.3411e+04	 2.0720e+02	 3.3240e+00	 2.6042e-01	 2.8427e+02	 2.4288e+02	-8.5520e+01	 2.9517e+05	 2.3126e+04	-1.2764e+01
 1.5607e+04	 2.0720e+02	 3.3836e+00	 2.9462e-01	 2.8427e+02	 2.4532e+02	-8.5024e+01	 3.9136e+05	 3.4077e+04	-1.1485e+01
 1.0405e+04	 2.0720e+02	 3.4516e+00	 3.3988e-01	 2.8427e+02	 2.4813e+02	-8.4376e+01	 5.0887e+05	 5.0108e+04	-1.0155e+01
 6.9366e+03	 2.0720e+02	 3.5335e+00	 3.9842e-01	 2.8427e+02	 2.5057e+02	-8.3567e+01	 6.5114e+05	 7.3420e+04	-8.8687e+00
 4.6244e+03	 2.0720e+02	 3.6377e+00	 4.6960e-01	 2.8427e+02	 2.5344e+02	-8.2644e+01	 8.2868e+05	 1.0698e+05	-7.7463e+00
 3.0829e+03	 2.0720e+02	 3.7823e+00	 5.4575e-01	 2.8427e+02	 2.5594e+02	-8.1789e+01	 1.0696e+06	 1.5433e+05	-6.9304e+00
 2.0553e+03	 2.0720e+02	 3.9530e+00	 6.1157e-01	 2.8427e+02	 2.5869e+02	-8.1205e+01	 1.4317e+06	 2.2150e+05	-6.4637e+00
 1.3702e+03	 2.0720e+02	 4.1512e+00	 6.5022e-01	 2.8427e+02	 2.6119e+02	-8.1098e+01	 2.0199e+06	 3.1638e+05	-6.3844e+00
 9.1346e+02	 2.0720e+02	 4.3578e+00	 6.5242e-01	 2.8427e+02	 2.6385e+02	-8.1485e+01	 3.0196e+06	 4.5207e+05	-6.6795e+00
 6.0898e+02	 2.0720e+02	 4.5544e+00	 6.2138e-01	 2.8427e+02	 2.6646e+02	-8.2231e+01	 4.7557e+06	 6.4885e+05	-7.3295e+00
 4.0598e+02	 2.0720e+02	 4.7194e+00	 5.7423e-01	 2.8427e+02	 2.6925e+02	-8.3063e+01	 7.7192e+06	 9.3924e+05	-8.2186e+00
 2.7066e+02	 2.0720e+02	 4.8684e+00	 5.1298e-01	 2.8427e+02	 2.7169e+02	-8.3985e+01	 1.2961e+07	 1.3657e+06	-9.4904e+00
 1.8044e+02	 2.0720e+02	 4.9935e+00	 4.4996e-01	 2.8427e+02	 2.7421e+02	-8.4851e+01	 2.2165e+07	 1.9973e+06	-1.1098e+01
 1.2029e+02	 2.0720e+02	 5.0973e+00	 3.8988e-01	 2.8427e+02	 2.7694e+02	-8.5626e+01	 3.8371e+07	 2.9349e+06	-1.3074e+01
 1.0000e+02	 2.0720e+02	 5.1385e+00	 3.6460e-01	 2.8427e+02	 2.7979e+02	-8.5941e+01	 4.9358e+07	 3.5021e+06	-1.4094e+01
 9.0000e+05	 2.7700e+02	 2.9740e+00	 8.4548e-02	 2.8427e+02	 2.8863e+02	-8.8372e+01	 2.3650e+04	 6.7234e+02	-3.5175e+01
 6.0000e+05	 2.7700e+02	 2.9662e+00	 1.6158e-01	 2.8427e+02	 2.9149e+02	-8.6882e+01	 1.8563e+04	 1.0112e+03	-1.8358e+01
 4.0000e+05	 2.7700e+02	 3.0067e+00	 1.6662e-01	 2.8427e+02	 2.9394e+02	-8.6828e+01	 2.7001e+04	 1.4963e+03	-1.8046e+01
 2.6667e+05	 2.7700e+02	 3.0486e+00	 1.7281e-01	 2.8427e+02	 2.9644e+02	-8.6756e+01	 3.9050e+04	 2.2136e+03	-1.7641e+01
 1.7778e+05	 2.7700e+02	 3.0920e+00	 1.8023e-01	 2.8427e+02	 2.9900e+02	-8.6664e+01	 5.6166e+04	 3.2738e+03	-1.7156e+01
 1.1852e+05	 2.7700e+02	 3.1370e+00	 1.8931e-01	 2.8428e+02	 3.0144e+02	-8.6546e+01	 8.0205e+04	 4.8403e+03	-1.6570e+01
 7.9012e+04	 2.7700e+02	 3.1832e+00	 2.0080e-01	 2.8427e+02	 3.0394e+02	-8.6391e+01	 1.1343e+05	 7.1549e+03	-1.5853e+01
 5.2675e+04	 2.7700e+02	 3.2200e+00	 2.1596e-01	 2.8427e+02	 3.0652e+02	-8.6163e+01	 1.5820e+05	 1.0610e+04	-1.4911e+01
 3.5117e+04	 2.7700e+02	 3.2711e+00	 2.3545e-01	 2.8427e+02	 3.0919e+02	-8.5883e+01	 2.1765e+05	 1.5666e+04	-1.3893e+01
 2.3411e+04	 2.7700e+02	 3.3253e+00	 2.6109e-01	 2.8428e+02	 3.1169e+02	-8.5510e+01	 2.9441e+05	 2.3116e+04	-1.2736e+01
 1.5607e+04	 2.7700e+02	 3.3851e+00	 2.9547e-01	 2.8427e+02	 3.1419e+02	-8.5012e+01	 3.9023e+05	 3.4062e+04	-1.1457e+01
 1.0405e+04	 2.7700e+02	 3.4534e+00	 3.4102e-01	 2.8427e+02	 3.1685e+02	-8.4360e+01	 5.0717e+05	 5.0082e+04	-1.0127e+01
 6.9366e+03	 2.7700e+02	 3.5357e+00	 3.9981e-01	 2.8428e+02	 3.1932e+02	-8.3548e+01	 6.4888e+05	 7.3375e+04	-8.8434e+00
 4.6244e+03	 2.7700e+02	 3.6403e+00	 4.7109e-01	 2.8428e+02	 3.2211e+02	-8.2626e+01	 8.2605e+05	 1.0690e+05	-7.7274e+00
 3.0829e+03	 2.7700e+02	 3.7855e+00	 5.4728e-01	 2.8427e+02	 3.2463e+02	-8.1773e+01	 1.0666e+06	 1.5420e+05	-6.9168e+00
 2.0553e+03	 2.7700e+02	 3.9570e+00	 6.1288e-01	 2.8428e+02	 3.2707e+02	-8.1196e+01	 1.4286e+06	 2.2127e+05	-6.4564e+00
 1.3702e+03	 2.7700e+02	 4.1554e+00	 6.5112e-01	 2.8428e+02	 3.2971e+02	-8.1095e+01	 2.0171e+06	 3.1606e+05	-6.3819e+00
 9.1346e+02	 2.7700e+02	 4.3621e+00	 6.5256e-01	 2.8428e+02	 3.3219e+02	-8.1492e+01	 3.0190e+06	 4.5163e+05	-6.6846e+00
 6.0898e+02	 2.7700e+02	 4.5585e+00	 6.2097e-01	 2.8428e+02	 3.3486e+02	-8.2243e+01	 4.7588e+06	 6.4826e+05	-7.3409e+00
 4.0598e+02	 2.7700e+02	 4.7231e+00	 5.7330e-01	 2.8427e+02	 3.3769e+02	-8.3079e+01	 7.7317e+06	 9.3850e+05	-8.2384e+00
 2.7066e+02	 2.7700e+02	 4.8718e+00	 5.1208e-01	 2.8428e+02	 3.4033e+02	-8.4000e+01	 1.2984e+07	 1.3648e+06	-9.5137e+00
 1.8044e+02	 2.7700e+02	 4.9964e+00	 4.4893e-01	 2.8428e+02	 3.4279e+02	-8.4866e+01	 2.2216e+07	 1.9961e+06	-1.1130e+01
 1.2029e+02	 2.7700e+02	 5.0997e+00	 3.8901e-01	 2.8428e+02	 3.4557e+02	-8.5638e+01	 3.8456e+07	 2.9335e+06	-1.3109e+01
 1.0000e+02	 2.7700e+02	 5.1413e+00	 3.6351e-01	 2.8428e+02	 3.4802e+02	-8.5956e+01	 4.9505e+07	 3.5002e+06	-1.4143e+01
 9.0000e+05	 3.4530e+02	 2.9745e+00	 8.4878e-02	 2.8427e+02	 3.5744e+02	-8.8365e+01	 2.3558e+04	 6.7222e+02	-3.5044e+01
 6.0000e+05	 3.4530e+02	 2.9667e+00	 1.6182e-01	 2.8428e+02	 3.6030e+02	-8.6878e+01	 1.8535e+04	 1.0110e+03	-1.8334e+01
 4.0000e+05	 3.4530e+02	 3.0075e+00	 1.6689e-01	 2.8428e+02	 3.6275e+02	-8.6824e+01	 2.6957e+04	 1.4959e+03	-1.8020e+01
 2.6667e+05	 3.4530e+02	 3.0494e+00	 1.7317e-01	 2.8428e+02	 3.6519e+02	-8.6750e+01	 3.8969e+04	 2.2130e+03	-1.7609e+01
 1.7778e+05	 3.4530e+02	 3.0928e+00	 1.8057e-01	 2.8428e+02	 3.6794e+02	-8.6659e+01	 5.6058e+04	 3.2729e+03	-1.7128e+01
 1.1852e+05	 3.4530e+02	 3.1378e+00	 1.8976e-01	 2.8428e+02	 3.7044e+02	-8.6539e+01	 8.0017e+04	 4.8391e+03	-1.6536e+01
 7.9012e+04	 3.4530e+02	 3.1843e+00	 2.0128e-01	 2.8428e+02	 3.7319e+02	-8.6383e+01	 1.1316e+05	 7.1526e+03	-1.5820e+01
 5.2675e+04	 3.4530e+02	 3.2213e+00	 2.1654e-01	 2.8428e+02	 3.7563e+02	-8.6154e+01	 1.5777e+05	 1.0606e+04	-1.4876e+01
 3.5117e+04	 3.4530e+02	 3.2724e+00	 2.3603e-01	 2.8428e+02	 3.7830e+02	-8.5875e+01	 2.1711e+05	 1.5660e+04	-1.3864e+01
 2.3411e+04	 3.4530e+02	 3.3268e+00	 2.6196e-01	 2.8428e+02	 3.8075e+02	-8.5498e+01	 2.9344e+05	 2.3105e+04	-1.2700e+01
 1.5607e+04	 3.4530e+02	 3.3867e+00	 2.9644e-01	 2.8428e+02	 3.8319e+02	-8.4998e+01	 3.8895e+05	 3.4045e+04	-1.1425e+01
 1.0405e+04	 3.4530e+02	 3.4554e+00	 3.4220e-01	 2.8428e+02	 3.8594e+02	-8.4344e+01	 5.0542e+05	 5.0054e+04	-1.0098e+01
 6.9366e+03	 3.4530e+02	 3.5380e+00	 4.0135e-01	 2.8428e+02	 3.8838e+02	-8.3528e+01	 6.4640e+05	 7.3327e+04	-8.8153e+00
 4.6244e+03	 3.4530e+02	 3.6433e+00	 4.7283e-01	 2.8428e+02	 3.9125e+02	-8.2605e+01	 8.2301e+05	 1.0681e+05	-7.7051e+00
 3.0829e+03	 3.4530e+02	 3.7891e+00	 5.4905e-01	 2.8428e+02	 3.9375e+02	-8.1755e+01	 1.0631e+06	 1.5405e+05	-6.9012e+00
 2.0553e+03	 3.4530e+02	 3.9614e+00	 6.1425e-01	 2.8429e+02	 3.9629e+02	-8.1186e+01	 1.4254e+06	 2.2103e+05	-6.4491e+00
 1.3702e+03	 3.4530e+02	 4.1604e+00	 6.5156e-01	 2.8429e+02	 3.9882e+02	-8.1099e+01	 2.0157e+06	 3.1569e+05	-6.3852e+00
 9.1346e+02	 3.4530e+02	 4.3672e+00	 6.5261e-01	 2.8429e+02	 4.0125e+02	-8.1501e+01	 3.0187e+06	 4.5110e+05	-6.6920e+00
 6.0898e+02	 3.4530e+02	 4.5634e+00	 6.2041e-01	 2.8429e+02	 4.0385e+02	-8.2258e+01	 4.7631e+06	 6.4757e+05	-7.3554e+00
 4.0598e+02	 3.4530e+02	 4.7277e+00	 5.7213e-01	 2.8429e+02	 4.0675e+02	-8.3100e+01	 7.7476e+06	 9.3759e+05	-8.2633e+00
 2.7066e+02	 3.4530e+02	 4.8759e+00	 5.1077e-01	 2.8429e+02	 4.0938e+02	-8.4020e+01	 1.3018e+07	 1.3636e+06	-9.5462e+00
 1.8044e+02	 3.4530e+02	 4.9999e+00	 4.4744e-01	 2.8429e+02	 4.1200e+02	-8.4886e+01	 2.2290e+07	 1.9947e+06	-1.1175e+01
 1.2029e+02	 3.4530e+02	 5.1030e+00	 3.8779e-01	 2.8430e+02	 4.1475e+02	-8.5654e+01	 3.8577e+07	 2.9316e+06	-1.3159e+01
 1.0000e+02	 3.4530e+02	 5.1439e+00	 3.6243e-01	 2.8429e+02	 4.1719e+02	-8.5970e+01	 4.9653e+07	 3.4985e+06	-1.4193e+01
 9.0000e+05	 4.1440e+02	 2.9751e+00	 8.4891e-02	 2.8429e+02	 4.2644e+02	-8.8366e+01	 2.3554e+04	 6.7209e+02	-3.5046e+01
 6.0000e+05	 4.1440e+02	 2.9674e+00	 1.6222e-01	 2.8429e+02	 4.2935e+02	-8.6871e+01	 1.8489e+04	 1.0107e+03	-1.8293e+01
 4.0000e+05	 4.1440e+02	 3.0081e+00	 1.6737e-01	 2.8430e+02	 4.3182e+02	-8.6815e+01	 2.6880e+04	 1.4956e+03	-1.7973e+01
 2.6667e+05	 4.1440e+02	 3.0502e+00	 1.7360e-01	 2.8430e+02	 4.3425e+02	-8.6743e+01	 3.8874e+04	 2.2124e+03	-1.7571e+01
 1.7778e+05	 4.1440e+02	 3.0939e+00	 1.8105e-01	 2.8429e+02	 4.3700e+02	-8.6651e+01	 5.5910e+04	 3.2718e+03	-1.7088e+01
 1.1852e+05	 4.1440e+02	 3.1388e+00	 1.9020e-01	 2.8430e+02	 4.3944e+02	-8.6532e+01	 7.9833e+04	 4.8375e+03	-1.6503e+01
 7.9012e+04	 4.1440e+02	 3.1854e+00	 2.0184e-01	 2.8430e+02	 4.4196e+02	-8.6374e+01	 1.1284e+05	 7.1501e+03	-1.5782e+01
 5.2675e+04	 4.1440e+02	 3.2226e+00	 2.1717e-01	 2.8429e+02	 4.4457e+02	-8.6145e+01	 1.5732e+05	 1.0601e+04	-1.4839e+01
 3.5117e+04	 4.1440e+02	 3.2738e+00	 2.3680e-01	 2.8430e+02	 4.4735e+02	-8.5863e+01	 2.1641e+05	 1.5653e+04	-1.3825e+01
 2.3411e+04	 4.1440e+02	 3.3283e+00	 2.6281e-01	 2.8430e+02	 4.4982e+02	-8.5485e+01	 2.9249e+05	 2.3095e+04	-1.2664e+01
 1.5607e+04	 4.1440e+02	 3.3887e+00	 2.9754e-01	 2.8430e+02	 4.5232e+02	-8.4982e+01	 3.8751e+05	 3.4026e+04	-1.1389e+01
 1.0405e+04	 4.1440e+02	 3.4575e+00	 3.4353e-01	 2.8431e+02	 4.5507e+02	-8.4326e+01	 5.0346e+05	 5.0023e+04	-1.0064e+01
 6.9366e+03	 4.1440e+02	 3.5406e+00	 4.0297e-01	 2.8430e+02	 4.5763e+02	-8.3507e+01	 6.4379e+05	 7.3274e+04	-8.7861e+00
 4.6244e+03	 4.1440e+02	 3.6464e+00	 4.7463e-01	 2.8430e+02	 4.6050e+02	-8.2584e+01	 8.1990e+05	 1.0672e+05	-7.6827e+00
 3.0829e+03	 4.1440e+02	 3.7931e+00	 5.5081e-01	 2.8430e+02	 4.6294e+02	-8.1738e+01	 1.0597e+06	 1.5389e+05	-6.8865e+00
 2.0553e+03	 4.1440e+02	 3.9660e+00	 6.1566e-01	 2.8430e+02	 4.6569e+02	-8.1176e+01	 1.4222e+06	 2.2077e+05	-6.4419e+00
 1.3702e+03	 4.1440e+02	 4.1657e+00	 6.5260e-01	 2.8430e+02	 4.6819e+02	-8.1096e+01	 2.0125e+06	 3.1528e+05	-6.3832e+00
 9.1346e+02	 4.1440e+02	 4.3725e+00	 6.5245e-01	 2.8430e+02	 4.7085e+02	-8.1513e+01	 3.0195e+06	 4.5055e+05	-6.7017e+00
 6.0898e+02	 4.1440e+02	 4.5591e+00	 6.2322e-01	 2.8431e+02	 4.7344e+02	-8.2216e+01	 4.7416e+06	 6.4818e+05	-7.3153e+00
 4.0598e+02	 4.1440e+02	 4.7322e+00	 5.7103e-01	 2.8430e+02	 4.7625e+02	-8.3119e+01	 7.7624e+06	 9.3669e+05	-8.2871e+00
 2.7066e+02	 4.1440e+02	 4.8800e+00	 5.0922e-01	 2.8430e+02	 4.7869e+02	-8.4043e+01	 1.3057e+07	 1.3625e+06	-9.5832e+00
 1.8044e+02	 4.1440e+02	 5.0036e+00	 4.4632e-01	 2.8431e+02	 4.8115e+02	-8.4903e+01	 2.2346e+07	 1.9933e+06	-1.1211e+01
 1.2029e+02	 4.1440e+02	 5.1062e+00	 3.8638e-01	 2.8431e+02	 4.8388e+02	-8.5673e+01	 3.8718e+07	 2.9298e+06	-1.3215e+01
 1.0000e+02	 4.1440e+02	 5.1468e+00	 3.6084e-01	 2.8431e+02	 4.8633e+02	-8.5990e+01	 4.9872e+07	 3.4965e+06	-1.4264e+01
 9.0000e+05	 4.8360e+02	 2.9759e+00	 8.5144e-02	 2.8431e+02	 4.9557e+02	-8.8361e+01	 2.3484e+04	 6.7191e+02	-3.4951e+01
 6.0000e+05	 4.8360e+02	 2.9682e+00	 1.6254e-01	 2.8432e+02	 4.9844e+02	-8.6866e+01	 1.8453e+04	 1.0105e+03	-1.8262e+01
 4.0000e+05	 4.8360e+02	 3.0089e+00	 1.6775e-01	 2.8432e+02	 5.0094e+02	-8.6809e+01	 2.6818e+04	 1.4952e+03	-1.7936e+01
 2.6667e+05	 4.8360e+02	 3.0512e+00	 1.7389e-01	 2.8431e+02	 5.0338e+02	-8.6738e+01	 3.8808e+04	 2.2117e+03	-1.7547e+01
 1.7778e+05	 4.8360e+02	 3.0948e+00	 1.8143e-01	 2.8431e+02	 5.0600e+02	-8.6645e+01	 5.5792e+04	 3.2708e+03	-1.7058e+01
 1.1852e+05	 4.8360e+02	 3.1399e+00	 1.9070e-01	 2.8432e+02	 5.0844e+02	-8.6524e+01	 7.9622e+04	 4.8357e+03	-1.6465e+01
 7.9012e+04	 4.8360e+02	 3.1866e+00	 2.0234e-01	 2.8431e+02	 5.1094e+02	-8.6367e+01	 1.1256e+05	 7.1474e+03	-1.5748e+01
 5.2675e+04	 4.8360e+02	 3.2239e+00	 2.1775e-01	 2.8432e+02	 5.1350e+02	-8.6136e+01	 1.5689e+05	 1.0597e+04	-1.4805e+01
 3.5117e+04	 4.8360e+02	 3.2754e+00	 2.3756e-01	 2.8432e+02	 5.1619e+02	-8.5852e+01	 2.1571e+05	 1.5646e+04	-1.3787e+01
 2.3411e+04	 4.8360e+02	 3.3300e+00	 2.6368e-01	 2.8432e+02	 5.1861e+02	-8.5473e+01	 2.9152e+05	 2.3084e+04	-1.2629e+01
 1.5607e+04	 4.8360e+02	 3.3905e+00	 2.9866e-01	 2.8432e+02	 5.2107e+02	-8.4966e+01	 3.8607e+05	 3.4008e+04	-1.1353e+01
 1.0405e+04	 4.8360e+02	 3.4596e+00	 3.4505e-01	 2.8432e+02	 5.2357e+02	-8.4304e+01	 5.0124e+05	 4.9992e+04	-1.0027e+01
 6.9366e+03	 4.8360e+02	 3.5432e+00	 4.0462e-01	 2.8432e+02	 5.2625e+02	-8.3485e+01	 6.4118e+05	 7.3219e+04	-8.7569e+00
 4.6244e+03	 4.8360e+02	 3.6496e+00	 4.7657e-01	 2.8432e+02	 5.2902e+02	-8.2560e+01	 8.1655e+05	 1.0663e+05	-7.6581e+00
 3.0829e+03	 4.8360e+02	 3.7971e+00	 5.5266e-01	 2.8432e+02	 5.3150e+02	-8.1719e+01	 1.0562e+06	 1.5373e+05	-6.8706e+00
 2.0553e+03	 4.8360e+02	 3.9709e+00	 6.1715e-01	 2.8432e+02	 5.3394e+02	-8.1166e+01	 1.4187e+06	 2.2050e+05	-6.4343e+00
 1.3702e+03	 4.8360e+02	 4.1709e+00	 6.5331e-01	 2.8432e+02	 5.3644e+02	-8.1098e+01	 2.0103e+06	 3.1489e+05	-6.3842e+00
 9.1346e+02	 4.8360e+02	 4.3778e+00	 6.5249e-01	 2.8432e+02	 5.3900e+02	-8.1523e+01	 3.0193e+06	 4.5001e+05	-6.7094e+00
 6.0898e+02	 4.8360e+02	 4.5640e+00	 6.2225e-01	 2.8432e+02	 5.4157e+02	-8.2236e+01	 4.7490e+06	 6.4747e+05	-7.3347e+00
 4.0598e+02	 4.8360e+02	 4.7367e+00	 5.6991e-01	 2.8432e+02	 5.4450e+02	-8.3139e+01	 7.7777e+06	 9.3581e+05	-8.3112e+00
 2.7066e+02	 4.8360e+02	 4.8838e+00	 5.0810e-01	 2.8433e+02	 5.4707e+02	-8.4060e+01	 1.3086e+07	 1.3614e+06	-9.6119e+00
 1.8044e+02	 4.8360e+02	 5.0070e+00	 4.4461e-01	 2.8433e+02	 5.4979e+02	-8.4926e+01	 2.2432e+07	 1.9919e+06	-1.1261e+01
 1.2029e+02	 4.8360e+02	 5.1089e+00	 3.8504e-01	 2.8432e+02	 5.5250e+02	-8.5690e+01	 3.8853e+07	 2.9282e+06	-1.3269e+01
 1.0000e+02	 4.8360e+02	 5.1498e+00	 3.5956e-01	 2.8432e+02	 5.5508e+02	-8.6006e+01	 5.0049e+07	 3.4945e+06	-1.4322e+01
 9.0000e+05	 5.5230e+02	 2.9766e+00	 8.5266e-02	 2.8433e+02	 5.6396e+02	-8.8359e+01	 2.3451e+04	 6.7174e+02	-3.4910e+01
 6.0000e+05	 5.5230e+02	 2.9688e+00	 1.6286e-01	 2.8433e+02	 5.6682e+02	-8.6860e+01	 1.8416e+04	 1.0103e+03	-1.8229e+01
 4.0000e+05	 5.5230e+02	 3.0097e+00	 1.6807e-01	 2.8432e+02	 5.6925e+02	-8.6804e+01	 2.6769e+04	 1.4948e+03	-1.7908e+01
 2.6667e+05	 5.5230e+02	 3.0520e+00	 1.7428e-01	 2.8432e+02	 5.7199e+02	-8.6732e+01	 3.8721e+04	 2.2111e+03	-1.7512e+01
 1.7778e+05	 5.5230e+02	 3.0958e+00	 1.8176e-01	 2.8432e+02	 5.7444e+02	-8.6640e+01	 5.5692e+04	 3.2698e+03	-1.7032e+01
 1.1852e+05	 5.5230e+02	 3.1409e+00	 1.9110e-01	 2.8432e+02	 5.7700e+02	-8.6518e+01	 7.9455e+04	 4.8343e+03	-1.6436e+01
 7.9012e+04	 5.5230e+02	 3.1764e+00	 2.0317e-01	 2.8433e+02	 5.7957e+02	-8.6340e+01	 1.1210e+05	 7.1703e+03	-1.5634e+01
 5.2675e+04	 5.5230e+02	 3.2252e+00	 2.1832e-01	 2.8433e+02	 5.8207e+02	-8.6127e+01	 1.5648e+05	 1.0593e+04	-1.4772e+01
 3.5117e+04	 5.5230e+02	 3.2767e+00	 2.3810e-01	 2.8434e+02	 5.8507e+02	-8.5844e+01	 2.1523e+05	 1.5639e+04	-1.3762e+01
 2.3411e+04	 5.5230e+02	 3.3315e+00	 2.6463e-01	 2.8433e+02	 5.8757e+02	-8.5459e+01	 2.9048e+05	 2.3073e+04	-1.2590e+01
 1.5607e+04	 5.5230e+02	 3.3921e+00	 2.9961e-01	 2.8433e+02	 5.9024e+02	-8.4952e+01	 3.8484e+05	 3.3991e+04	-1.1322e+01
 1.0405e+04	 5.5230e+02	 3.4616e+00	 3.4620e-01	 2.8433e+02	 5.9275e+02	-8.4289e+01	 4.9958e+05	 4.9963e+04	-9.9990e+00
 6.9366e+03	 5.5230e+02	 3.5455e+00	 4.0618e-01	 2.8433e+02	 5.9519e+02	-8.3465e+01	 6.3871e+05	 7.3172e+04	-8.7290e+00
 4.6244e+03	 5.5230e+02	 3.6526e+00	 4.7834e-01	 2.8434e+02	 5.9807e+02	-8.2539e+01	 8.1353e+05	 1.0654e+05	-7.6360e+00
 3.0829e+03	 5.5230e+02	 3.8008e+00	 5.5442e-01	 2.8433e+02	 6.0074e+02	-8.1701e+01	 1.0528e+06	 1.5358e+05	-6.8554e+00
 2.0553e+03	 5.5230e+02	 3.9755e+00	 6.1832e-01	 2.8434e+02	 6.0332e+02	-8.1159e+01	 1.4161e+06	 2.2024e+05	-6.4295e+00
 1.3702e+03	 5.5230e+02	 4.1760e+00	 6.5362e-01	 2.8434e+02	 6.0599e+02	-8.1104e+01	 2.0094e+06	 3.1450e+05	-6.3890e+00
 9.1346e+02	 5.5230e+02	 4.3832e+00	 6.5165e-01	 2.8434e+02	 6.0844e+02	-8.1544e+01	 3.0232e+06	 4.4945e+05	-6.7263e+00
 6.0898e+02	 5.5230e+02	 4.5693e+00	 6.2188e-01	 2.8434e+02	 6.1107e+02	-8.2250e+01	 4.7519e+06	 6.4673e+05	-7.3476e+00
 4.0598e+02	 5.5230e+02	 4.7414e+00	 5.6879e-01	 2.8434e+02	 6.1375e+02	-8.3159e+01	 7.7930e+06	 9.3487e+05	-8.3360e+00
 2.7066e+02	 5.5230e+02	 4.8881e+00	 5.0671e-01	 2.8434e+02	 6.1621e+02	-8.4082e+01	 1.3122e+07	 1.3602e+06	-9.6467e+00
 1.8044e+02	 5.5230e+02	 5.0107e+00	 4.4327e-01	 2.8434e+02	 6.1885e+02	-8.4945e+01	 2.2500e+07	 1.9904e+06	-1.1304e+01
 1.2029e+02	 5.5230e+02	 5.1124e+00	 3.8350e-01	 2.8434e+02	 6.2157e+02	-8.5710e+01	 3.9009e+07	 2.9262e+06	-1.3331e+01
 1.0000e+02	 5.5230e+02	 5.1528e+00	 3.5813e-01	 2.8434e+02	 6.2415e+02	-8.6024e+01	 5.0249e+07	 3.4924e+06	-1.4388e+01
 9.0000e+05	 6.2140e+02	 2.9773e+00	 8.5294e-02	 2.8435e+02	 6.3313e+02	-8.8359e+01	 2.3443e+04	 6.7159e+02	-3.4906e+01
 6.0000e+05	 6.2140e+02	 2.9697e+00	 1.6314e-01	 2.8435e+02	 6.3588e+02	-8.6856e+01	 1.8385e+04	 1.0100e+03	-1.8204e+01
 4.0000e+05	 6.2140e+02	 3.0107e+00	 1.6833e-01	 2.8435e+02	 6.3832e+02	-8.6800e+01	 2.6726e+04	 1.4943e+03	-1.7885e+01
 2.6667e+05	 6.2140e+02	 3.0530e+00	 1.7463e-01	 2.8435e+02	 6.4075e+02	-8.6726e+01	 3.8643e+04	 2.2104e+03	-1.7482e+01
 1.7778e+05	 6.2140e+02	 3.0968e+00	 1.8223e-01	 2.8435e+02	 6.4324e+02	-8.6632e+01	 5.5549e+04	 3.2687e+03	-1.6994e+01
 1.1852e+05	 6.2140e+02	 3.1420e+00	 1.9156e-01	 2.8435e+02	 6.4569e+02	-8.6511e+01	 7.9265e+04	 4.8325e+03	-1.6403e+01
 7.9012e+04	 6.2140e+02	 3.1777e+00	 2.0378e-01	 2.8436e+02	 6.4819e+02	-8.6331e+01	 1.1177e+05	 7.1674e+03	-1.5594e+01
 5.2675e+04	 6.2140e+02	 3.2266e+00	 2.1908e-01	 2.8435e+02	 6.5082e+02	-8.6116e+01	 1.5594e+05	 1.0588e+04	-1.4728e+01
 3.5117e+04	 6.2140e+02	 3.2783e+00	 2.3893e-01	 2.8436e+02	 6.5352e+02	-8.5832e+01	 2.1448e+05	 1.5632e+04	-1.3721e+01
 2.3411e+04	 6.2140e+02	 3.3333e+00	 2.6550e-01	 2.8435e+02	 6.5613e+02	-8.5446e+01	 2.8953e+05	 2.3061e+04	-1.2555e+01
 1.5607e+04	 6.2140e+02	 3.3941e+00	 3.0083e-01	 2.8436e+02	 6.5857e+02	-8.4935e+01	 3.8328e+05	 3.3971e+04	-1.1282e+01
 1.0405e+04	 6.2140e+02	 3.4639e+00	 3.4778e-01	 2.8436e+02	 6.6125e+02	-8.4267e+01	 4.9731e+05	 4.9930e+04	-9.9602e+00
 6.9366e+03	 6.2140e+02	 3.5484e+00	 4.0807e-01	 2.8436e+02	 6.6375e+02	-8.3440e+01	 6.3576e+05	 7.3112e+04	-8.6957e+00
 4.6244e+03	 6.2140e+02	 3.6562e+00	 4.8042e-01	 2.8436e+02	 6.6657e+02	-8.2514e+01	 8.1002e+05	 1.0643e+05	-7.6106e+00
 3.0829e+03	 6.2140e+02	 3.8053e+00	 5.5632e-01	 2.8436e+02	 6.6907e+02	-8.1683e+01	 1.0493e+06	 1.5340e+05	-6.8401e+00
 2.0553e+03	 6.2140e+02	 3.9808e+00	 6.1995e-01	 2.8437e+02	 6.7180e+02	-8.1148e+01	 1.4123e+06	 2.1995e+05	-6.4212e+00
 1.3702e+03	 6.2140e+02	 4.1819e+00	 6.5433e-01	 2.8436e+02	 6.7425e+02	-8.1107e+01	 2.0072e+06	 3.1406e+05	-6.3912e+00
 9.1346e+02	 6.2140e+02	 4.3891e+00	 6.5165e-01	 2.8437e+02	 6.7675e+02	-8.1555e+01	 3.0232e+06	 4.4885e+05	-6.7354e+00
 6.0898e+02	 6.2140e+02	 4.5748e+00	 6.2083e-01	 2.8437e+02	 6.7957e+02	-8.2272e+01	 4.7599e+06	 6.4594e+05	-7.3690e+00
 4.0598e+02	 6.2140e+02	 4.7466e+00	 5.6760e-01	 2.8437e+02	 6.8249e+02	-8.3181e+01	 7.8095e+06	 9.3385e+05	-8.3626e+00
 2.7066e+02	 6.2140e+02	 4.8927e+00	 5.0506e-01	 2.8437e+02	 6.8494e+02	-8.4106e+01	 1.3165e+07	 1.3589e+06	-9.6874e+00
 1.8044e+02	 6.2140e+02	 5.0147e+00	 4.4174e-01	 2.8437e+02	 6.8752e+02	-8.4966e+01	 2.2577e+07	 1.9888e+06	-1.1352e+01
 1.2029e+02	 6.2140e+02	 5.1159e+00	 3.8228e-01	 2.8437e+02	 6.9025e+02	-8.5727e+01	 3.9134e+07	 2.9243e+06	-1.3382e+01
 1.0000e+02	 6.2140e+02	 5.1562e+00	 3.5683e-01	 2.8437e+02	 6.9277e+02	-8.6041e+01	 5.0433e+07	 3.4901e+06	-1.4450e+01
 9.0000e+05	 6.9000e+02	 2.9783e+00	 8.5111e-02	 2.8438e+02	 7.0194e+02	-8.8363e+01	 2.3493e+04	 6.7137e+02	-3.4993e+01
 6.0000e+05	 6.9000e+02	 2.9706e+00	 1.6351e-01	 2.8438e+02	 7.0480e+02	-8.6849e+01	 1.8343e+04	 1.0097e+03	-1.8168e+01
 4.0000e+05	 6.9000e+02	 3.0116e+00	 1.6864e-01	 2.8438e+02	 7.0725e+02	-8.6795e+01	 2.6678e+04	 1.4939e+03	-1.7858e+01
 2.6667e+05	 6.9000e+02	 3.0540e+00	 1.7499e-01	 2.8438e+02	 7.0969e+02	-8.6721e+01	 3.8564e+04	 2.2097e+03	-1.7453e+01
 1.7778e+05	 6.9000e+02	 3.0979e+00	 1.8266e-01	 2.8438e+02	 7.1224e+02	-8.6626e+01	 5.5418e+04	 3.2676e+03	-1.6960e+01
 1.1852e+05	 6.9000e+02	 3.1434e+00	 1.9201e-01	 2.8439e+02	 7.1469e+02	-8.6505e+01	 7.9079e+04	 4.8304e+03	-1.6371e+01
 7.9012e+04	 6.9000e+02	 3.1791e+00	 2.0433e-01	 2.8438e+02	 7.1719e+02	-8.6323e+01	 1.1147e+05	 7.1642e+03	-1.5559e+01
 5.2675e+04	 6.9000e+02	 3.2281e+00	 2.1967e-01	 2.8439e+02	 7.1975e+02	-8.6107e+01	 1.5552e+05	 1.0583e+04	-1.4695e+01
 3.5117e+04	 6.9000e+02	 3.2799e+00	 2.3979e-01	 2.8439e+02	 7.2250e+02	-8.5819e+01	 2.1371e+05	 1.5624e+04	-1.3678e+01
 2.3411e+04	 6.9000e+02	 3.3351e+00	 2.6646e-01	 2.8439e+02	 7.2507e+02	-8.5432e+01	 2.8848e+05	 2.3048e+04	-1.2517e+01
 1.5607e+04	 6.9000e+02	 3.3963e+00	 3.0220e-01	 2.8439e+02	 7.2750e+02	-8.4915e+01	 3.8155e+05	 3.3950e+04	-1.1239e+01
 1.0405e+04	 6.9000e+02	 3.4664e+00	 3.4937e-01	 2.8439e+02	 7.2994e+02	-8.4245e+01	 4.9505e+05	 4.9895e+04	-9.9219e+00
 6.9366e+03	 6.9000e+02	 3.5513e+00	 4.0989e-01	 2.8440e+02	 7.3250e+02	-8.3416e+01	 6.3294e+05	 7.3053e+04	-8.6641e+00
 4.6244e+03	 6.9000e+02	 3.6599e+00	 4.8269e-01	 2.8439e+02	 7.3557e+02	-8.2487e+01	 8.0620e+05	 1.0633e+05	-7.5823e+00
 3.0829e+03	 6.9000e+02	 3.8100e+00	 5.5850e-01	 2.8440e+02	 7.3800e+02	-8.1660e+01	 1.0452e+06	 1.5321e+05	-6.8218e+00
 2.0553e+03	 6.9000e+02	 3.9863e+00	 6.2179e-01	 2.8440e+02	 7.4050e+02	-8.1134e+01	 1.4082e+06	 2.1965e+05	-6.4109e+00
 1.3702e+03	 6.9000e+02	 4.1881e+00	 6.5530e-01	 2.8440e+02	 7.4313e+02	-8.1107e+01	 2.0042e+06	 3.1359e+05	-6.3912e+00
 9.1346e+02	 6.9000e+02	 4.3954e+00	 6.5140e-01	 2.8440e+02	 7.4563e+02	-8.1570e+01	 3.0243e+06	 4.4821e+05	-6.7476e+00
 6.0898e+02	 6.9000e+02	 4.5809e+00	 6.2009e-01	 2.8440e+02	 7.4830e+02	-8.2291e+01	 4.7655e+06	 6.4509e+05	-7.3874e+00
 4.0598e+02	 6.9000e+02	 4.7520e+00	 5.6626e-01	 2.8440e+02	 7.5119e+02	-8.3204e+01	 7.8279e+06	 9.3280e+05	-8.3918e+00
 2.7066e+02	 6.9000e+02	 4.8975e+00	 5.0369e-01	 2.8440e+02	 7.5375e+02	-8.4128e+01	 1.3201e+07	 1.3576e+06	-9.7232e+00
 1.8044e+02	 6.9000e+02	 5.0189e+00	 4.3986e-01	 2.8440e+02	 7.5629e+02	-8.4991e+01	 2.2674e+07	 1.9872e+06	-1.1410e+01
 1.2029e+02	 6.9000e+02	 5.1194e+00	 3.8057e-01	 2.8440e+02	 7.5900e+02	-8.5749e+01	 3.9310e+07	 2.9222e+06	-1.3452e+01
 1.0000e+02	 6.9000e+02	 5.1595e+00	 3.5517e-01	 2.8441e+02	 7.6154e+02	-8.6062e+01	 5.0668e+07	 3.4878e+06	-1.4527e+01
 9.0000e+05	 7.5880e+02	 2.9791e+00	 8.5549e-02	 2.8441e+02	 7.7049e+02	-8.8355e+01	 2.3373e+04	 6.7119e+02	-3.4823e+01
 6.0000e+05	 7.5880e+02	 2.9715e+00	 1.6380e-01	 2.8441e+02	 7.7319e+02	-8.6845e+01	 1.8311e+04	 1.0094e+03	-1.8141e+01
 4.0000e+05	 7.5880e+02	 3.0126e+00	 1.6900e-01	 2.8441e+02	 7.7600e+02	-8.6789e+01	 2.6620e+04	 1.4934e+03	-1.7825e+01
 2.6667e+05	 7.5880e+02	 3.0551e+00	 1.7543e-01	 2.8441e+02	 7.7844e+02	-8.6714e+01	 3.8468e+04	 2.2089e+03	-1.7415e+01
 1.7778e+05	 7.5880e+02	 3.0991e+00	 1.8305e-01	 2.8442e+02	 7.8113e+02	-8.6620e+01	 5.5300e+04	 3.2663e+03	-1.6930e+01
 1.1852e+05	 7.5880e+02	 3.1445e+00	 1.9254e-01	 2.8442e+02	 7.8363e+02	-8.6496e+01	 7.8863e+04	 4.8287e+03	-1.6332e+01
 7.9012e+04	 7.5880e+02	 3.1805e+00	 2.0490e-01	 2.8442e+02	 7.8607e+02	-8.6314e+01	 1.1116e+05	 7.1610e+03	-1.5522e+01
 5.2675e+04	 7.5880e+02	 3.2297e+00	 2.2039e-01	 2.8443e+02	 7.8869e+02	-8.6096e+01	 1.5502e+05	 1.0578e+04	-1.4655e+01
 3.5117e+04	 7.5880e+02	 3.2816e+00	 2.4066e-01	 2.8443e+02	 7.9144e+02	-8.5806e+01	 2.1294e+05	 1.5616e+04	-1.3636e+01
 2.3411e+04	 7.5880e+02	 3.3370e+00	 2.6751e-01	 2.8442e+02	 7.9407e+02	-8.5417e+01	 2.8735e+05	 2.3035e+04	-1.2474e+01
 1.5607e+04	 7.5880e+02	 3.3984e+00	 3.0345e-01	 2.8443e+02	 7.9657e+02	-8.4897e+01	 3.7997e+05	 3.3928e+04	-1.1199e+01
 1.0405e+04	 7.5880e+02	 3.4688e+00	 3.5096e-01	 2.8443e+02	 7.9929e+02	-8.4223e+01	 4.9280e+05	 4.9859e+04	-9.8839e+00
 6.9366e+03	 7.5880e+02	 3.5543e+00	 4.1195e-01	 2.8443e+02	 8.0182e+02	-8.3389e+01	 6.2976e+05	 7.2990e+04	-8.6280e+00
 4.6244e+03	 7.5880e+02	 3.6638e+00	 4.8491e-01	 2.8443e+02	 8.0469e+02	-8.2461e+01	 8.0251e+05	 1.0621e+05	-7.5556e+00
 3.0829e+03	 7.5880e+02	 3.8146e+00	 5.6078e-01	 2.8443e+02	 8.0713e+02	-8.1637e+01	 1.0409e+06	 1.5302e+05	-6.8024e+00
 2.0553e+03	 7.5880e+02	 3.9921e+00	 6.2351e-01	 2.8443e+02	 8.0965e+02	-8.1123e+01	 1.4043e+06	 2.1933e+05	-6.4026e+00
 1.3702e+03	 7.5880e+02	 4.1944e+00	 6.5627e-01	 2.8443e+02	 8.1225e+02	-8.1108e+01	 2.0013e+06	 3.1312e+05	-6.3913e+00
 9.1346e+02	 7.5880e+02	 4.4019e+00	 6.5156e-01	 2.8444e+02	 8.1475e+02	-8.1580e+01	 3.0236e+06	 4.4754e+05	-6.7560e+00
 6.0898e+02	 7.5880e+02	 4.5871e+00	 6.1939e-01	 2.8444e+02	 8.1738e+02	-8.2310e+01	 4.7710e+06	 6.4421e+05	-7.4059e+00
 4.0598e+02	 7.5880e+02	 4.7577e+00	 5.6482e-01	 2.8444e+02	 8.2007e+02	-8.3230e+01	 7.8478e+06	 9.3167e+05	-8.4234e+00
 2.7066e+02	 7.5880e+02	 4.9026e+00	 5.0188e-01	 2.8445e+02	 8.2263e+02	-8.4155e+01	 1.3248e+07	 1.3562e+06	-9.7685e+00
 1.8044e+02	 7.5880e+02	 5.0234e+00	 4.3826e-01	 2.8444e+02	 8.2515e+02	-8.5014e+01	 2.2757e+07	 1.9854e+06	-1.1462e+01
 1.2029e+02	 7.5880e+02	 5.1234e+00	 3.7863e-01	 2.8445e+02	 8.2794e+02	-8.5773e+01	 3.9511e+07	 2.9200e+06	-1.3531e+01
 1.0000e+02	 7.5880e+02	 5.1634e+00	 3.5355e-01	 2.8445e+02	 8.3047e+02	-8.6083e+01	 5.0900e+07	 3.4852e+06	-1.4604e+01
 9.0000e+05	 8.2770e+02	 2.9802e+00	 8.5634e-02	 2.8446e+02	 8.3975e+02	-8.8354e+01	 2.3350e+04	 6.7094e+02	-3.4801e+01
 6.0000e+05	 8.2770e+02	 2.9725e+00	 1.6414e-01	 2.8446e+02	 8.4246e+02	-8.6839e+01	 1.8273e+04	 1.0090e+03	-1.8109e+01
 4.0000e+05	 8.2770e+02	 3.0137e+00	 1.6941e-01	 2.8446e+02	 8.4500e+02	-8.6783e+01	 2.6557e+04	 1.4928e+03	-1.7789e+01
 2.6667e+05	 8.2770e+02	 3.0563e+00	 1.7579e-01	 2.8446e+02	 8.4750e+02	-8.6708e+01	 3.8390e+04	 2.2081e+03	-1.7386e+01
 1.7778e+05	 8.2770e+02	 3.1004e+00	 1.8358e-01	 2.8446e+02	 8.5010e+02	-8.6611e+01	 5.5141e+04	 3.2649e+03	-1.6889e+01
 1.1852e+05	 8.2770e+02	 3.1459e+00	 1.9306e-01	 2.8446e+02	 8.5263e+02	-8.6488e+01	 7.8649e+04	 4.8265e+03	-1.6295e+01
 7.9012e+04	 8.2770e+02	 3.1821e+00	 2.0548e-01	 2.8446e+02	 8.5507e+02	-8.6305e+01	 1.1084e+05	 7.1575e+03	-1.5486e+01
 5.2675e+04	 8.2770e+02	 3.2314e+00	 2.2102e-01	 2.8447e+02	 8.5769e+02	-8.6087e+01	 1.5457e+05	 1.0573e+04	-1.4620e+01
 3.5117e+04	 8.2770e+02	 3.2835e+00	 2.4153e-01	 2.8447e+02	 8.6044e+02	-8.5793e+01	 2.1217e+05	 1.5607e+04	-1.3594e+01
 2.3411e+04	 8.2770e+02	 3.3390e+00	 2.6857e-01	 2.8447e+02	 8.6294e+02	-8.5401e+01	 2.8621e+05	 2.3021e+04	-1.2433e+01
 1.5607e+04	 8.2770e+02	 3.4007e+00	 3.0484e-01	 2.8447e+02	 8.6544e+02	-8.4878e+01	 3.7824e+05	 3.3906e+04	-1.1155e+01
 1.0405e+04	 8.2770e+02	 3.4715e+00	 3.5269e-01	 2.8447e+02	 8.6819e+02	-8.4199e+01	 4.9038e+05	 4.9821e+04	-9.8428e+00
 6.9366e+03	 8.2770e+02	 3.5576e+00	 4.1412e-01	 2.8447e+02	 8.7063e+02	-8.3360e+01	 6.2646e+05	 7.2922e+04	-8.5908e+00
 4.6244e+03	 8.2770e+02	 3.6678e+00	 4.8734e-01	 2.8448e+02	 8.7350e+02	-8.2432e+01	 7.9852e+05	 1.0610e+05	-7.5263e+00
 3.0829e+03	 8.2770e+02	 3.8198e+00	 5.6326e-01	 2.8448e+02	 8.7600e+02	-8.1612e+01	 1.0363e+06	 1.5282e+05	-6.7815e+00
 2.0553e+03	 8.2770e+02	 3.9981e+00	 6.2543e-01	 2.8448e+02	 8.7852e+02	-8.1109e+01	 1.4000e+06	 2.1900e+05	-6.3925e+00
 1.3702e+03	 8.2770e+02	 4.2013e+00	 6.5701e-01	 2.8448e+02	 8.8113e+02	-8.1112e+01	 1.9990e+06	 3.1261e+05	-6.3946e+00
 9.1346e+02	 8.2770e+02	 4.4086e+00	 6.5177e-01	 2.8448e+02	 8.8357e+02	-8.1590e+01	 3.0226e+06	 4.4687e+05	-6.7640e+00
 6.0898e+02	 8.2770e+02	 4.5937e+00	 6.1842e-01	 2.8448e+02	 8.8638e+02	-8.2333e+01	 4.7784e+06	 6.4329e+05	-7.4281e+00
 4.0598e+02	 8.2770e+02	 4.7636e+00	 5.6339e-01	 2.8448e+02	 8.8900e+02	-8.3255e+01	 7.8677e+06	 9.3052e+05	-8.4552e+00
 2.7066e+02	 8.2770e+02	 4.9076e+00	 5.0029e-01	 2.8448e+02	 8.9157e+02	-8.4179e+01	 1.3290e+07	 1.3548e+06	-9.8096e+00
 1.8044e+02	 8.2770e+02	 5.0278e+00	 4.3652e-01	 2.8449e+02	 8.9407e+02	-8.5038e+01	 2.2847e+07	 1.9836e+06	-1.1518e+01
 1.2029e+02	 8.2770e+02	 5.1273e+00	 3.7698e-01	 2.8449e+02	 8.9679e+02	-8.5795e+01	 3.9684e+07	 2.9177e+06	-1.3601e+01
 1.0000e+02	 8.2770e+02	 5.1670e+00	 3.5175e-01	 2.8449e+02	 8.9932e+02	-8.6106e+01	 5.1161e+07	 3.4828e+06	-1.4689e+01
 9.0000e+05	 8.9650e+02	 2.9810e+00	 8.5658e-02	 2.8450e+02	 9.0857e+02	-8.8354e+01	 2.3343e+04	 6.7075e+02	-3.4801e+01
 6.0000e+05	 8.9650e+02	 2.9735e+00	 1.6447e-01	 2.8450e+02	 9.1125e+02	-8.6834e+01	 1.8237e+04	 1.0087e+03	-1.8080e+01
 4.0000e+05	 8.9650e+02	 3.0147e+00	 1.6979e-01	 2.8450e+02	 9.1394e+02	-8.6776e+01	 2.6497e+04	 1.4923e+03	-1.7756e+01
 2.6667e+05	 8.9650e+02	 3.0575e+00	 1.7624e-01	 2.8450e+02	 9.1644e+02	-8.6701e+01	 3.8291e+04	 2.2072e+03	-1.7348e+01
 1.7778e+05	 8.9650e+02	 3.1016e+00	 1.8405e-01	 2.8449e+02	 9.1896e+02	-8.6604e+01	 5.5000e+04	 3.2637e+03	-1.6852e+01
 1.1852e+05	 8.9650e+02	 3.1474e+00	 1.9359e-01	 2.8450e+02	 9.2150e+02	-8.6480e+01	 7.8432e+04	 4.8243e+03	-1.6258e+01
 7.9012e+04	 8.9650e+02	 3.1837e+00	 2.0603e-01	 2.8450e+02	 9.2394e+02	-8.6297e+01	 1.1054e+05	 7.1539e+03	-1.5452e+01
 5.2675e+04	 8.9650e+02	 3.2330e+00	 2.2186e-01	 2.8450e+02	 9.2669e+02	-8.6074e+01	 1.5399e+05	 1.0567e+04	-1.4572e+01
 3.5117e+04	 8.9650e+02	 3.2852e+00	 2.4242e-01	 2.8451e+02	 9.2944e+02	-8.5780e+01	 2.1139e+05	 1.5599e+04	-1.3552e+01
 2.3411e+04	 8.9650e+02	 3.3410e+00	 2.6966e-01	 2.8451e+02	 9.3207e+02	-8.5386e+01	 2.8506e+05	 2.3008e+04	-1.2390e+01
 1.5607e+04	 8.9650e+02	 3.4029e+00	 3.0623e-01	 2.8451e+02	 9.3452e+02	-8.4858e+01	 3.7652e+05	 3.3884e+04	-1.1112e+01
 1.0405e+04	 8.9650e+02	 3.4741e+00	 3.5446e-01	 2.8451e+02	 9.3694e+02	-8.4174e+01	 4.8794e+05	 4.9784e+04	-9.8010e+00
 6.9366e+03	 8.9650e+02	 3.5606e+00	 4.1612e-01	 2.8451e+02	 9.3963e+02	-8.3334e+01	 6.2345e+05	 7.2861e+04	-8.5568e+00
 4.6244e+03	 8.9650e+02	 3.6717e+00	 4.8958e-01	 2.8451e+02	 9.4260e+02	-8.2405e+01	 7.9486e+05	 1.0598e+05	-7.4998e+00
 3.0829e+03	 8.9650e+02	 3.8245e+00	 5.6540e-01	 2.8451e+02	 9.4507e+02	-8.1591e+01	 1.0324e+06	 1.5262e+05	-6.7643e+00
 2.0553e+03	 8.9650e+02	 4.0039e+00	 6.2707e-01	 2.8451e+02	 9.4750e+02	-8.1099e+01	 1.3963e+06	 2.1868e+05	-6.3851e+00
 1.3702e+03	 8.9650e+02	 4.2075e+00	 6.5802e-01	 2.8451e+02	 9.5019e+02	-8.1111e+01	 1.9959e+06	 3.1215e+05	-6.3942e+00
 9.1346e+02	 8.9650e+02	 4.4150e+00	 6.5111e-01	 2.8452e+02	 9.5269e+02	-8.1611e+01	 3.0257e+06	 4.4621e+05	-6.7808e+00
 6.0898e+02	 8.9650e+02	 4.5994e+00	 6.1752e-01	 2.8452e+02	 9.5535e+02	-8.2353e+01	 4.7854e+06	 6.4249e+05	-7.4482e+00
 4.0598e+02	 8.9650e+02	 4.7690e+00	 5.6206e-01	 2.8452e+02	 9.5807e+02	-8.3278e+01	 7.8864e+06	 9.2946e+05	-8.4849e+00
 2.7066e+02	 8.9650e+02	 4.9124e+00	 4.9855e-01	 2.8452e+02	 9.6072e+02	-8.4205e+01	 1.3336e+07	 1.3535e+06	-9.8533e+00
 1.8044e+02	 8.9650e+02	 5.0320e+00	 4.3502e-01	 2.8452e+02	 9.6325e+02	-8.5059e+01	 2.2926e+07	 1.9820e+06	-1.1567e+01
 1.2029e+02	 8.9650e+02	 5.1310e+00	 3.7546e-01	 2.8452e+02	 9.6600e+02	-8.5815e+01	 3.9845e+07	 2.9156e+06	-1.3666e+01
 1.0000e+02	 8.9650e+02	 5.1702e+00	 3.5036e-01	 2.8452e+02	 9.6846e+02	-8.6123e+01	 5.1364e+07	 3.4807e+06	-1.4757e+01
 9.0000e+05	 9.6570e+02	 2.9820e+00	 8.5697e-02	 2.8453e+02	 9.7775e+02	-8.8354e+01	 2.3332e+04	 6.7054e+02	-3.4796e+01
 6.0000e+05	 9.6570e+02	 2.9744e+00	 1.6478e-01	 2.8452e+02	 9.8044e+02	-8.6829e+01	 1.8201e+04	 1.0084e+03	-1.8050e+01
 4.0000e+05	 9.6570e+02	 3.0157e+00	 1.7006e-01	 2.8453e+02	 9.8313e+02	-8.6772e+01	 2.6454e+04	 1.4919e+03	-1.7733e+01
 2.6667e+05	 9.6570e+02	 3.0585e+00	 1.7661e-01	 2.8453e+02	 9.8558e+02	-8.6695e+01	 3.8212e+04	 2.2064e+03	-1.7318e+01
 1.7778e+05	 9.6570e+02	 3.1027e+00	 1.8440e-01	 2.8453e+02	 9.8800e+02	-8.6599e+01	 5.4895e+04	 3.2625e+03	-1.6826e+01
 1.1852e+05	 9.6570e+02	 3.1485e+00	 1.9403e-01	 2.8453e+02	 9.9057e+02	-8.6473e+01	 7.8254e+04	 4.8226e+03	-1.6227e+01
 7.9012e+04	 9.6570e+02	 3.1850e+00	 2.0663e-01	 2.8454e+02	 9.9300e+02	-8.6288e+01	 1.1023e+05	 7.1511e+03	-1.5414e+01
 5.2675e+04	 9.6570e+02	 3.2344e+00	 2.2246e-01	 2.8454e+02	 9.9544e+02	-8.6065e+01	 1.5357e+05	 1.0562e+04	-1.4539e+01
 3.5117e+04	 9.6570e+02	 3.2868e+00	 2.4314e-01	 2.8454e+02	 9.9825e+02	-8.5769e+01	 2.1076e+05	 1.5591e+04	-1.3518e+01
 2.3411e+04	 9.6570e+02	 3.3428e+00	 2.7058e-01	 2.8454e+02	 1.0008e+03	-8.5372e+01	 2.8408e+05	 2.2995e+04	-1.2354e+01
 1.5607e+04	 9.6570e+02	 3.4048e+00	 3.0733e-01	 2.8455e+02	 1.0034e+03	-8.4842e+01	 3.7518e+05	 3.3864e+04	-1.1079e+01
 1.0405e+04	 9.6570e+02	 3.4763e+00	 3.5585e-01	 2.8454e+02	 1.0058e+03	-8.4155e+01	 4.8604e+05	 4.9752e+04	-9.7692e+00
 6.9366e+03	 9.6570e+02	 3.5634e+00	 4.1794e-01	 2.8454e+02	 1.0085e+03	-8.3311e+01	 6.2074e+05	 7.2804e+04	-8.5262e+00
 4.6244e+03	 9.6570e+02	 3.6752e+00	 4.9165e-01	 2.8454e+02	 1.0115e+03	-8.2381e+01	 7.9151e+05	 1.0588e+05	-7.4753e+00
 3.0829e+03	 9.6570e+02	 3.8289e+00	 5.6736e-01	 2.8455e+02	 1.0139e+03	-8.1571e+01	 1.0288e+06	 1.5245e+05	-6.7485e+00
 2.0553e+03	 9.6570e+02	 4.0090e+00	 6.2874e-01	 2.8454e+02	 1.0164e+03	-8.1087e+01	 1.3926e+06	 2.1840e+05	-6.3762e+00