PEI 25 kg/mol, 2 mg/ml from Ethanol on B 10 x 15 mm + H 1x1 mm, 70 nm, 45 µm, 20.4.2026, 17:51
Diameter[mm] 1.128e+00  Thickness[mm] 3.000e-04  Spacer Capacity[pF] 0.000e+00  Spacer Area[mm^2] 0.000e+00
Fixed value(s) :  AC Volt  [Vrms]=1.000
 Freq. [Hz]	 Time  [s]	 Eps'   	 Eps''  	M Temp [K]	M Time M[s]	  Phi [Deg]	 Zp' [Ohms]	 Zp'' [Ohms]	Tan(Phi) 
 1.0000e+06	 0.0000e+00	 6.4809e-01	 1.2310e-03	 2.9520e+02	 1.1060e+01	-8.9891e+01	 4.3857e+06	 8.3302e+03	-5.2649e+02
 3.1646e+05	 0.0000e+00	 6.5019e-01	 4.3945e-03	 2.9520e+02	 1.3680e+01	-8.9613e+01	 3.8821e+06	 2.6238e+04	-1.4796e+02
 1.0014e+05	 0.0000e+00	 6.5392e-01	 5.7363e-03	 2.9519e+02	 1.6120e+01	-8.9497e+01	 9.3979e+06	 8.2440e+04	-1.1400e+02
 3.1691e+04	 0.0000e+00	 6.5844e-01	 7.3518e-03	 2.9520e+02	 1.8570e+01	-8.9360e+01	 2.3172e+07	 2.5872e+05	-8.9561e+01
 1.0029e+04	 0.0000e+00	 6.6386e-01	 1.0041e-02	 2.9519e+02	 2.1060e+01	-8.9133e+01	 5.3613e+07	 8.1090e+05	-6.6115e+01
 3.1737e+03	 0.0000e+00	 6.7068e-01	 1.5328e-02	 2.9519e+02	 2.3680e+01	-8.8691e+01	 1.1098e+08	 2.5364e+06	-4.3756e+01
 1.0043e+03	 0.0000e+00	 6.7927e-01	 2.7983e-02	 2.9519e+02	 2.6120e+01	-8.7641e+01	 1.9209e+08	 7.9136e+06	-2.4274e+01
 3.1783e+02	 0.0000e+00	 6.9112e-01	 6.3474e-02	 2.9518e+02	 2.8620e+01	-8.4753e+01	 2.6761e+08	 2.4578e+07	-1.0888e+01
 1.0058e+02	 0.0000e+00	 7.0743e-01	 1.6271e-01	 2.9518e+02	 3.1140e+01	-7.7047e+01	 3.2989e+08	 7.5876e+07	-4.3478e+00
 3.1829e+01	 0.0000e+00	 7.4370e-01	 4.3658e-01	 2.9518e+02	 3.4120e+01	-5.9585e+01	 3.8851e+08	 2.2807e+08	-1.7035e+00
 1.0072e+01	 0.0000e+00	 7.7665e-01	 1.3834e+00	 2.9518e+02	 3.7060e+01	-2.9310e+01	 3.8744e+08	 6.9013e+08	-5.6140e-01
 1.0000e+06	 3.4300e+01	 6.4860e-01	 1.2457e-03	 2.9517e+02	 4.0810e+01	-8.9890e+01	 4.3339e+06	 8.3237e+03	-5.2067e+02
 3.1646e+05	 3.4300e+01	 6.5075e-01	 4.3155e-03	 2.9517e+02	 4.3310e+01	-8.9620e+01	 3.9532e+06	 2.6216e+04	-1.5079e+02
 1.0014e+05	 3.4300e+01	 6.5444e-01	 5.6425e-03	 2.9518e+02	 4.5870e+01	-8.9506e+01	 9.5541e+06	 8.2375e+04	-1.1598e+02
 3.1691e+04	 3.4300e+01	 6.5889e-01	 7.2595e-03	 2.9517e+02	 4.8310e+01	-8.9369e+01	 2.3466e+07	 2.5855e+05	-9.0762e+01
 1.0029e+04	 3.4300e+01	 6.6503e-01	 9.5459e-03	 2.9517e+02	 5.0950e+01	-8.9178e+01	 5.6392e+07	 8.0947e+05	-6.9666e+01
 3.1737e+03	 3.4300e+01	 6.7175e-01	 1.5653e-02	 2.9516e+02	 5.3570e+01	-8.8665e+01	 1.0867e+08	 2.5323e+06	-4.2915e+01
 1.0043e+03	 3.4300e+01	 6.8110e-01	 2.5531e-02	 2.9516e+02	 5.6060e+01	-8.7853e+01	 2.1055e+08	 7.8923e+06	-2.6677e+01
 3.1783e+02	 3.4300e+01	 6.9293e-01	 4.8312e-02	 2.9516e+02	 6.1500e+01	-8.6012e+01	 3.5160e+08	 2.4514e+07	-1.4343e+01
 1.0058e+02	 3.4300e+01	 7.0953e-01	 4.8491e-02	 2.9515e+02	 6.4140e+01	-8.6090e+01	 1.1069e+09	 7.5651e+07	-1.4632e+01
 3.1829e+01	 3.4300e+01	 7.4491e-01	 3.2055e-01	 2.9515e+02	 7.0960e+01	-6.6717e+01	 5.2915e+08	 2.2770e+08	-2.3238e+00
 1.0072e+01	 3.4300e+01	 7.7674e-01	 1.1208e+00	 2.9516e+02	 7.4250e+01	-3.4723e+01	 4.7823e+08	 6.9006e+08	-6.9303e-01
 1.0000e+06	 7.1500e+01	 6.5173e-01	 1.6589e-03	 2.9514e+02	 7.8000e+01	-8.9854e+01	 3.2545e+06	 8.2837e+03	-3.9288e+02
 3.1646e+05	 7.1500e+01	 6.5383e-01	 4.3312e-03	 2.9515e+02	 8.0620e+01	-8.9620e+01	 3.9388e+06	 2.6092e+04	-1.5096e+02
 1.0014e+05	 7.1500e+01	 6.5895e-01	 5.5394e-03	 2.9515e+02	 8.3680e+01	-8.9518e+01	 9.7319e+06	 8.1811e+04	-1.1896e+02
 3.1691e+04	 7.1500e+01	 6.6541e-01	 7.0124e-03	 2.9514e+02	 8.6430e+01	-8.9396e+01	 2.4293e+07	 2.5601e+05	-9.4890e+01
 1.0029e+04	 7.1500e+01	 6.7077e-01	 9.5624e-03	 2.9514e+02	 8.8930e+01	-8.9183e+01	 5.6295e+07	 8.0254e+05	-7.0146e+01
 3.1737e+03	 7.1500e+01	 6.7755e-01	 1.4324e-02	 2.9515e+02	 9.1600e+01	-8.8789e+01	 1.1876e+08	 2.5106e+06	-4.7302e+01
 1.0043e+03	 7.1500e+01	 6.8618e-01	 2.5298e-02	 2.9515e+02	 9.4060e+01	-8.7889e+01	 2.1248e+08	 7.8339e+06	-2.7124e+01
 3.1783e+02	 7.1500e+01	 6.9784e-01	 5.4690e-02	 2.9515e+02	 9.6560e+01	-8.5519e+01	 3.1059e+08	 2.4341e+07	-1.2760e+01
 1.0058e+02	 7.1500e+01	 7.2659e-01	 1.4486e-01	 2.9515e+02	 9.9200e+01	-7.8725e+01	 3.7055e+08	 7.3875e+07	-5.0159e+00
 3.1829e+01	 7.1500e+01	 7.5802e-01	 4.7294e-01	 2.9515e+02	 1.0201e+02	-5.8039e+01	 3.5865e+08	 2.2377e+08	-1.6028e+00
 1.0072e+01	 7.1500e+01	 7.8895e-01	 1.2791e+00	 2.9515e+02	 1.0506e+02	-3.1665e+01	 4.1903e+08	 6.7938e+08	-6.1678e-01
 1.0000e+06	 1.0230e+02	 6.5136e-01	 1.4182e-02	 2.9516e+02	 1.0887e+02	-8.8753e+01	 3.8067e+05	 8.2884e+03	-4.5928e+01
 3.1646e+05	 1.0230e+02	 6.3694e-01	 4.4470e-03	 2.9516e+02	 1.1131e+02	-8.9600e+01	 3.8362e+06	 2.6784e+04	-1.4323e+02
 1.0014e+05	 1.0230e+02	 6.3827e-01	 5.6719e-03	 2.9515e+02	 1.1400e+02	-8.9491e+01	 9.5046e+06	 8.4462e+04	-1.1253e+02
 3.1691e+04	 1.0230e+02	 6.6609e-01	 7.3193e-03	 2.9516e+02	 1.1643e+02	-8.9370e+01	 2.3274e+07	 2.5575e+05	-9.1004e+01
 1.0029e+04	 1.0230e+02	 6.5377e-01	 9.9265e-03	 2.9516e+02	 1.1887e+02	-8.9130e+01	 5.4230e+07	 8.2341e+05	-6.5860e+01
 3.1737e+03	 1.0230e+02	 6.6161e-01	 1.5239e-02	 2.9517e+02	 1.2143e+02	-8.8681e+01	 1.1163e+08	 2.5711e+06	-4.3415e+01
 1.0043e+03	 1.0230e+02	 6.7099e-01	 2.8193e-02	 2.9517e+02	 1.2387e+02	-8.7594e+01	 1.9066e+08	 8.0112e+06	-2.3799e+01
 3.1783e+02	 1.0230e+02	 6.8351e-01	 6.2130e-02	 2.9517e+02	 1.2645e+02	-8.4806e+01	 2.7340e+08	 2.4852e+07	-1.1001e+01
 1.0058e+02	 1.0230e+02	 7.0171e-01	 1.6104e-01	 2.9517e+02	 1.2914e+02	-7.7075e+01	 3.3332e+08	 7.6495e+07	-4.3575e+00
 3.1829e+01	 1.0230e+02	 7.4105e-01	 4.3675e-01	 2.9517e+02	 1.3206e+02	-5.9486e+01	 3.8837e+08	 2.2889e+08	-1.6967e+00
 1.0072e+01	 1.0230e+02	 7.7587e-01	 1.2239e+00	 2.9518e+02	 1.3518e+02	-3.2373e+01	 4.3795e+08	 6.9083e+08	-6.3395e-01
 1.0000e+06	 1.3240e+02	 6.3931e-01	 6.1504e-04	 2.9518e+02	 1.3881e+02	-8.9945e+01	 8.7778e+06	 8.4447e+03	-1.0394e+03
 3.1646e+05	 1.3240e+02	 6.4069e-01	 4.6705e-03	 2.9518e+02	 1.4148e+02	-8.9582e+01	 3.6527e+06	 2.6627e+04	-1.3718e+02
 1.0014e+05	 1.3240e+02	 6.4258e-01	 5.8828e-03	 2.9518e+02	 1.4393e+02	-8.9475e+01	 9.1639e+06	 8.3895e+04	-1.0923e+02
 3.1691e+04	 1.3240e+02	 6.4624e-01	 7.5582e-03	 2.9519e+02	 1.4637e+02	-8.9330e+01	 2.2539e+07	 2.6361e+05	-8.5502e+01
 1.0029e+04	 1.3240e+02	 6.4023e-01	 8.8863e-03	 2.9519e+02	 1.4912e+02	-8.9205e+01	 6.0578e+07	 8.4082e+05	-7.2046e+01
 3.1737e+03	 1.3240e+02	 6.5694e-01	 1.4194e-02	 2.9519e+02	 1.5162e+02	-8.8762e+01	 1.1985e+08	 2.5894e+06	-4.6283e+01
 1.0043e+03	 1.3240e+02	 6.6819e-01	 2.6836e-02	 2.9520e+02	 1.5423e+02	-8.7700e+01	 2.0030e+08	 8.0448e+06	-2.4899e+01
 3.1783e+02	 1.3240e+02	 7.2691e-01	 5.1716e-02	 2.9522e+02	 1.5748e+02	-8.5931e+01	 3.2845e+08	 2.3368e+07	-1.4056e+01
 1.0058e+02	 1.3240e+02	 8.8504e-01	 3.7098e-02	 2.9523e+02	 1.6020e+02	-8.7600e+01	 1.4469e+09	 6.0649e+07	-2.3857e+01
 3.1829e+01	 1.3240e+02	 8.3785e-01	 4.6704e-02	 2.9530e+02	 1.6301e+02	-8.6810e+01	 3.6318e+09	 2.0244e+08	-1.7940e+01
 1.0072e+01	 1.3240e+02	 8.9895e-01	 5.3654e-02	 2.9537e+02	 1.6612e+02	-8.6584e+01	 9.9898e+09	 5.9625e+08	-1.6754e+01
 1.0000e+06	 1.6340e+02	 7.5240e-01	 2.9646e-03	 2.9544e+02	 1.6996e+02	-8.9774e+01	 1.8211e+06	 7.1753e+03	-2.5380e+02
 3.1646e+05	 1.6340e+02	 7.5643e-01	 4.8548e-03	 2.9547e+02	 1.7256e+02	-8.9632e+01	 3.5140e+06	 2.2553e+04	-1.5581e+02
 1.0014e+05	 1.6340e+02	 7.6021e-01	 6.1531e-03	 2.9548e+02	 1.7512e+02	-8.9536e+01	 8.7613e+06	 7.0914e+04	-1.2355e+02
 3.1691e+04	 1.6340e+02	 7.6414e-01	 7.7816e-03	 2.9549e+02	 1.7781e+02	-8.9417e+01	 2.1892e+07	 2.2293e+05	-9.8198e+01
 1.0029e+04	 1.6340e+02	 7.6877e-01	 1.0032e-02	 2.9550e+02	 1.8031e+02	-8.9252e+01	 5.3660e+07	 7.0023e+05	-7.6632e+01
 3.1737e+03	 1.6340e+02	 7.7500e-01	 1.3376e-02	 2.9550e+02	 1.8312e+02	-8.9011e+01	 1.2717e+08	 2.1949e+06	-5.7940e+01
 1.0043e+03	 1.6340e+02	 7.8391e-01	 1.8654e-02	 2.9550e+02	 1.8556e+02	-8.8637e+01	 2.8817e+08	 6.8572e+06	-4.2024e+01
 3.1783e+02	 1.6340e+02	 8.0578e-01	 2.9674e-02	 2.9551e+02	 1.9062e+02	-8.7891e+01	 5.7242e+08	 2.1081e+07	-2.7154e+01
 1.0058e+02	 1.6340e+02	 8.3082e-01	 4.0735e-02	 2.9551e+02	 1.9314e+02	-8.7193e+01	 1.3177e+09	 6.4607e+07	-2.0396e+01
 3.1829e+01	 1.6340e+02	 6.4705e-01	 6.1134e-02	 2.9550e+02	 1.9614e+02	-8.4603e+01	 2.7746e+09	 2.6214e+08	-1.0584e+01
 1.0072e+01	 1.6340e+02	 2.2410e+00	 1.2614e+00	 2.9555e+02	 1.9951e+02	-6.0627e+01	 4.2494e+08	 2.3917e+08	-1.7767e+00
 1.0000e+06	 1.9680e+02	 2.3055e+00	-2.3947e-01	 2.9570e+02	 2.0868e+02	-9.5930e+01	-2.2544e+04	 2.3417e+03	 9.6272e+00
 3.1646e+05	 1.9680e+02	 2.0329e+00	 9.6528e-03	 2.9571e+02	 2.1171e+02	-8.9728e+01	 1.7674e+06	 8.3919e+03	-2.1060e+02
 1.0014e+05	 1.9680e+02	 2.0354e+00	 1.1125e-02	 2.9572e+02	 2.1418e+02	-8.9687e+01	 4.8457e+06	 2.6486e+04	-1.8296e+02
 3.1691e+04	 1.9680e+02	 2.0391e+00	 1.3291e-02	 2.9572e+02	 2.1668e+02	-8.9627e+01	 1.2817e+07	 8.3544e+04	-1.5342e+02
 1.0029e+04	 1.9680e+02	 2.0440e+00	 1.6292e-02	 2.9573e+02	 2.1937e+02	-8.9543e+01	 3.3041e+07	 2.6337e+05	-1.2546e+02
 3.1737e+03	 1.9680e+02	 2.0510e+00	 2.1176e-02	 2.9571e+02	 2.2181e+02	-8.9408e+01	 8.0331e+07	 8.2938e+05	-9.6856e+01
 1.0043e+03	 1.9680e+02	 2.0617e+00	 3.0517e-02	 2.9572e+02	 2.2460e+02	-8.9152e+01	 1.7614e+08	 2.6073e+06	-6.7559e+01
 3.1783e+02	 1.9680e+02	 2.0774e+00	 5.0901e-02	 2.9572e+02	 2.2712e+02	-8.8596e+01	 3.3372e+08	 8.1767e+06	-4.0813e+01
 1.0058e+02	 1.9680e+02	 2.1015e+00	 9.7102e-02	 2.9572e+02	 2.2957e+02	-8.7354e+01	 5.5279e+08	 2.5542e+07	-2.1642e+01
 3.1829e+01	 1.9680e+02	 2.1304e+00	 2.0827e-01	 2.9572e+02	 2.3237e+02	-8.4416e+01	 8.1442e+08	 7.9619e+07	-1.0229e+01
 1.0072e+01	 1.9680e+02	 2.1535e+00	 4.9816e-01	 2.9572e+02	 2.3537e+02	-7.6975e+01	 1.0759e+09	 2.4890e+08	-4.3229e+00
 1.0000e+06	 2.3260e+02	 2.2479e+00	-2.2512e-01	 2.9571e+02	 2.4412e+02	-9.5719e+01	-2.3981e+04	 2.4016e+03	 9.9853e+00
 3.1646e+05	 2.3260e+02	 1.9783e+00	 1.0390e-02	 2.9570e+02	 2.4712e+02	-8.9699e+01	 1.6420e+06	 8.6235e+03	-1.9041e+02
 1.0014e+05	 2.3260e+02	 1.9844e+00	 1.2097e-02	 2.9571e+02	 2.4956e+02	-8.9651e+01	 4.4565e+06	 2.7166e+04	-1.6404e+02
 3.1691e+04	 2.3260e+02	 1.9924e+00	 1.4504e-02	 2.9571e+02	 2.5220e+02	-8.9583e+01	 1.1745e+07	 8.5501e+04	-1.3737e+02
 1.0029e+04	 2.3260e+02	 2.0025e+00	 1.7876e-02	 2.9571e+02	 2.5462e+02	-8.9489e+01	 3.0115e+07	 2.6882e+05	-1.1202e+02
 3.1737e+03	 2.3260e+02	 2.0154e+00	 2.3148e-02	 2.9571e+02	 2.5706e+02	-8.9342e+01	 7.3487e+07	 8.4404e+05	-8.7065e+01
 1.0043e+03	 2.3260e+02	 2.0327e+00	 3.2615e-02	 2.9571e+02	 2.5975e+02	-8.9081e+01	 1.6482e+08	 2.6445e+06	-6.2324e+01
 3.1783e+02	 2.3260e+02	 2.0566e+00	 4.8967e-02	 2.9571e+02	 2.6218e+02	-8.8636e+01	 3.4690e+08	 8.2596e+06	-4.1999e+01
 1.0058e+02	 2.3260e+02	 2.0865e+00	 8.0787e-02	 2.9571e+02	 2.6464e+02	-8.7783e+01	 6.6442e+08	 2.5726e+07	-2.5827e+01
 3.1829e+01	 2.3260e+02	 2.1182e+00	 1.6198e-01	 2.9571e+02	 2.6746e+02	-8.5627e+01	 1.0472e+09	 8.0077e+07	-1.3077e+01
 1.0072e+01	 2.3260e+02	 2.1436e+00	 4.1546e-01	 2.9570e+02	 2.7057e+02	-7.9031e+01	 1.2901e+09	 2.5004e+08	-5.1596e+00
 1.0000e+06	 2.6780e+02	 2.2392e+00	-2.1014e-01	 2.9570e+02	 2.7971e+02	-9.5361e+01	-2.5692e+04	 2.4110e+03	 1.0656e+01
 3.1646e+05	 2.6780e+02	 1.9696e+00	 1.1734e-02	 2.9569e+02	 2.8256e+02	-8.9659e+01	 1.4539e+06	 8.6615e+03	-1.6786e+02
 1.0014e+05	 2.6780e+02	 1.9787e+00	 1.3597e-02	 2.9570e+02	 2.8525e+02	-8.9606e+01	 3.9649e+06	 2.7245e+04	-1.4553e+02