PEI 25 kg/mol, 2 mg/ml from Ethanol on B 10 x 15 mm + H 1x1 mm, 70 nm, 30 µm, Start, 23.4.2026, 9:17
Diameter[mm] 1.128e+00  Thickness[mm] 1.000e-04  Spacer Capacity[pF] 0.000e+00  Spacer Area[mm^2] 0.000e+00
Fixed value(s) :  AC Volt  [Vrms]=1.000
 Freq. [Hz]	 Time  [s]	 Eps'   	 Eps''  	M Temp [K]	M Time M[s]	  Phi [Deg]	 Zp' [Ohms]	 Zp'' [Ohms]	Tan(Phi) 
 9.0000e+05	 0.0000e+00	 3.5106e+00	 2.4323e-01	 2.9342e+02	 1.2440e+01	-8.6037e+01	 8.2207e+03	 5.6957e+02	-1.4433e+01
 6.0000e+05	 0.0000e+00	 3.6067e+00	 2.9009e-01	 2.9439e+02	 2.0370e+01	-8.5402e+01	 1.0339e+04	 8.3158e+02	-1.2433e+01
 4.0000e+05	 0.0000e+00	 3.6687e+00	 4.4740e-01	 2.9475e+02	 2.3470e+01	-8.3047e+01	 1.0056e+04	 1.2263e+03	-8.2000e+00
 2.6667e+05	 0.0000e+00	 3.7934e+00	 4.9792e-01	 2.9500e+02	 2.6000e+01	-8.2522e+01	 1.3553e+04	 1.7790e+03	-7.6186e+00
 1.7778e+05	 0.0000e+00	 3.9348e+00	 5.5843e-01	 2.9542e+02	 2.8900e+01	-8.1923e+01	 1.8127e+04	 2.5726e+03	-7.0463e+00
 1.1852e+05	 0.0000e+00	 4.1056e+00	 6.2438e-01	 2.9567e+02	 3.1370e+01	-8.1353e+01	 2.4319e+04	 3.6983e+03	-6.5756e+00
 7.9012e+04	 0.0000e+00	 4.3070e+00	 6.8158e-01	 2.9597e+02	 3.3810e+01	-8.1008e+01	 3.3416e+04	 5.2880e+03	-6.3192e+00
 5.2675e+04	 0.0000e+00	 4.5369e+00	 7.1332e-01	 2.9634e+02	 3.6440e+01	-8.1065e+01	 4.7894e+04	 7.5301e+03	-6.3603e+00
 3.5117e+04	 0.0000e+00	 4.7783e+00	 7.0965e-01	 2.9659e+02	 3.8870e+01	-8.1552e+01	 7.2212e+04	 1.0725e+04	-6.7332e+00
 2.3411e+04	 0.0000e+00	 5.0073e+00	 6.6410e-01	 2.9695e+02	 4.1620e+01	-8.2445e+01	 1.1575e+05	 1.5351e+04	-7.5401e+00
 1.5607e+04	 0.0000e+00	 5.2058e+00	 5.9057e-01	 2.9726e+02	 4.4060e+01	-8.3528e+01	 1.9524e+05	 2.2149e+04	-8.8149e+00
 1.0405e+04	 0.0000e+00	 5.3671e+00	 5.0420e-01	 2.9749e+02	 4.6500e+01	-8.4633e+01	 3.4303e+05	 3.2225e+04	-1.0645e+01
 6.9366e+03	 0.0000e+00	 5.4935e+00	 4.1726e-01	 2.9785e+02	 4.9190e+01	-8.5656e+01	 6.2175e+05	 4.7225e+04	-1.3166e+01
 4.6244e+03	 0.0000e+00	 5.5890e+00	 3.3868e-01	 2.9816e+02	 5.1620e+01	-8.6532e+01	 1.1490e+06	 6.9628e+04	-1.6502e+01
 3.0829e+03	 0.0000e+00	 5.6612e+00	 2.7176e-01	 2.9850e+02	 5.4620e+01	-8.7252e+01	 2.1479e+06	 1.0311e+05	-2.0832e+01
 2.0553e+03	 0.0000e+00	 5.7162e+00	 2.1816e-01	 2.9874e+02	 5.7060e+01	-8.7814e+01	 4.0135e+06	 1.5317e+05	-2.6203e+01
 1.3702e+03	 0.0000e+00	 5.7586e+00	 1.7656e-01	 2.9913e+02	 5.9750e+01	-8.8244e+01	 7.4388e+06	 2.2807e+05	-3.2616e+01
 9.1346e+02	 0.0000e+00	 5.7929e+00	 1.4433e-01	 2.9937e+02	 6.2190e+01	-8.8573e+01	 1.3649e+07	 3.4008e+05	-4.0135e+01
 6.0898e+02	 0.0000e+00	 5.8211e+00	 1.2040e-01	 2.9969e+02	 6.4980e+01	-8.8815e+01	 2.4544e+07	 5.0765e+05	-4.8348e+01
 4.0598e+02	 0.0000e+00	 5.8460e+00	 1.0265e-01	 2.9992e+02	 6.7690e+01	-8.8994e+01	 4.3184e+07	 7.5823e+05	-5.6953e+01
 2.7066e+02	 0.0000e+00	 5.8674e+00	 8.9910e-02	 3.0029e+02	 7.0390e+01	-8.9122e+01	 7.3951e+07	 1.1332e+06	-6.5259e+01
 1.8044e+02	 0.0000e+00	 5.8873e+00	 8.0938e-02	 3.0050e+02	 7.2890e+01	-8.9212e+01	 1.2322e+08	 1.6940e+06	-7.2739e+01
 1.2029e+02	 0.0000e+00	 5.9057e+00	 7.4931e-02	 3.0088e+02	 7.5720e+01	-8.9273e+01	 1.9965e+08	 2.5332e+06	-7.8815e+01
 1.0000e+02	 0.0000e+00	 5.9150e+00	 7.2890e-02	 3.0110e+02	 7.8200e+01	-8.9294e+01	 2.4689e+08	 3.0424e+06	-8.1150e+01
 9.0000e+05	 7.5400e+01	 3.7122e+00	 2.0670e-01	 3.0199e+02	 8.6940e+01	-8.6813e+01	 9.6737e+03	 5.3863e+02	-1.7960e+01
 6.0000e+05	 7.5400e+01	-5.7466e-01	 4.0686e+01	 3.0229e+02	 8.9920e+01	 8.0921e-01	 7.3718e+01	-5.2192e+03	 1.4124e-02
 4.0000e+05	 7.5400e+01	-3.8661e+00	 6.2790e+01	 3.0239e+02	 9.1420e+01	 3.5233e+00	 7.1650e+01	-1.1637e+03	 6.1571e-02
 2.6667e+05	 7.5400e+01	-9.3030e+00	 9.7490e+01	 3.0259e+02	 9.3110e+01	 5.4509e+00	 6.9221e+01	-7.2540e+02	 9.5425e-02
 1.7778e+05	 7.5400e+01	-1.7844e+01	 1.5270e+02	 3.0284e+02	 9.4750e+01	 6.6651e+00	 6.6289e+01	-5.6727e+02	 1.1686e-01
 1.1852e+05	 7.5400e+01	-3.1483e+01	 2.4117e+02	 3.0303e+02	 9.7480e+01	 7.4375e+00	 6.2959e+01	-4.8229e+02	 1.3054e-01
 7.9012e+04	 7.5400e+01	-4.9084e+01	 3.8054e+02	 3.0332e+02	 1.0042e+02	 7.3496e+00	 5.9851e+01	-4.6402e+02	 1.2898e-01
 5.2675e+04	 7.5400e+01	-6.8002e+01	 5.9864e+02	 3.0366e+02	 1.0322e+02	 6.4807e+00	 5.7068e+01	-5.0239e+02	 1.1359e-01
 3.5117e+04	 7.5400e+01	 5.1304e+00	 6.4577e-01	 3.0416e+02	 1.0862e+02	-8.2826e+01	 7.9355e+04	 9.9886e+03	-7.9446e+00
 2.3411e+04	 7.5400e+01	 5.3103e+00	 5.6109e-01	 3.0440e+02	 1.1144e+02	-8.3968e+01	 1.3700e+05	 1.4475e+04	-9.4642e+00
 1.5607e+04	 7.5400e+01	 5.4511e+00	 4.7090e-01	 3.0467e+02	 1.1412e+02	-8.5063e+01	 2.4486e+05	 2.1152e+04	-1.1576e+01
 1.0405e+04	 7.5400e+01	 5.5582e+00	 3.8626e-01	 3.0486e+02	 1.1656e+02	-8.6025e+01	 4.4776e+05	 3.1117e+04	-1.4390e+01
 6.9366e+03	 7.5400e+01	 5.6387e+00	 3.1275e-01	 3.0516e+02	 1.1925e+02	-8.6825e+01	 8.2951e+05	 4.6009e+04	-1.8029e+01
 4.6244e+03	 7.5400e+01	 5.7000e+00	 2.5260e-01	 3.0534e+02	 1.2169e+02	-8.7463e+01	 1.5406e+06	 6.8272e+04	-2.2565e+01
 3.0829e+03	 7.5400e+01	 5.7474e+00	 2.0502e-01	 3.0560e+02	 1.2462e+02	-8.7957e+01	 2.8472e+06	 1.0156e+05	-2.8034e+01
 2.0553e+03	 7.5400e+01	 5.7851e+00	 1.6843e-01	 3.0581e+02	 1.2706e+02	-8.8332e+01	 5.1985e+06	 1.5135e+05	-3.4347e+01
 1.3702e+03	 7.5400e+01	 5.8167e+00	 1.4116e-01	 3.0598e+02	 1.2950e+02	-8.8610e+01	 9.3043e+06	 2.2579e+05	-4.1208e+01
 9.1346e+02	 7.5400e+01	 5.8438e+00	 1.2030e-01	 3.0624e+02	 1.3212e+02	-8.8821e+01	 1.6376e+07	 3.3712e+05	-4.8577e+01
 6.0898e+02	 7.5400e+01	 5.8677e+00	 1.0489e-01	 3.0641e+02	 1.3465e+02	-8.8976e+01	 2.8173e+07	 5.0362e+05	-5.5942e+01
 4.0598e+02	 7.5400e+01	 5.8894e+00	 9.3677e-02	 3.0670e+02	 1.3762e+02	-8.9089e+01	 4.7318e+07	 7.5264e+05	-6.2870e+01
 2.7066e+02	 7.5400e+01	 5.9090e+00	 8.6096e-02	 3.0687e+02	 1.4014e+02	-8.9165e+01	 7.7227e+07	 1.1252e+06	-6.8632e+01
 1.8044e+02	 7.5400e+01	 5.9278e+00	 8.1050e-02	 3.0715e+02	 1.4289e+02	-8.9217e+01	 1.2305e+08	 1.6825e+06	-7.3138e+01
 1.2029e+02	 7.5400e+01	 5.9458e+00	 7.8812e-02	 3.0740e+02	 1.4576e+02	-8.9241e+01	 1.8982e+08	 2.5161e+06	-7.5443e+01
 1.0000e+02	 7.5400e+01	 5.9545e+00	 7.8460e-02	 3.0756e+02	 1.4834e+02	-8.9245e+01	 2.2936e+08	 3.0222e+06	-7.5893e+01
 9.0000e+05	 1.4560e+02	 3.7815e+00	 3.6636e-01	 3.0835e+02	 1.5762e+02	-8.4466e+01	 5.4578e+03	 5.2876e+02	-1.0322e+01
 6.0000e+05	 1.4560e+02	-1.0522e+00	 4.1756e+01	 3.0852e+02	 1.6029e+02	 1.4435e+00	 7.1829e+01	-2.8504e+03	 2.5199e-02
 4.0000e+05	 1.4560e+02	-4.7471e+00	 6.4675e+01	 3.0871e+02	 1.6198e+02	 4.1979e+00	 6.9562e+01	-9.4773e+02	 7.3399e-02
 2.6667e+05	 1.4560e+02	-1.0690e+01	 1.0088e+02	 3.0880e+02	 1.6348e+02	 6.0490e+00	 6.6896e+01	-6.3127e+02	 1.0597e-01
 1.7778e+05	 1.4560e+02	-1.9546e+01	 1.5874e+02	 3.0895e+02	 1.6523e+02	 7.0196e+00	 6.3769e+01	-5.1789e+02	 1.2313e-01
 1.1852e+05	 1.4560e+02	-3.2698e+01	 2.5108e+02	 3.0912e+02	 1.6792e+02	 7.4201e+00	 6.0475e+01	-4.6436e+02	 1.3023e-01
 7.9012e+04	 1.4560e+02	-4.8339e+01	 3.9523e+02	 3.0940e+02	 1.7061e+02	 6.9730e+00	 5.7627e+01	-4.7117e+02	 1.2231e-01
 5.2675e+04	 1.4560e+02	-6.3579e+01	 6.1847e+02	 3.0956e+02	 1.7329e+02	 5.8694e+00	 5.5239e+01	-5.3735e+02	 1.0280e-01
 3.5117e+04	 1.4560e+02	 5.2669e+00	 5.9766e-01	 3.1011e+02	 1.7872e+02	-8.3526e+01	 8.5744e+04	 9.7296e+03	-8.8126e+00
 2.3411e+04	 1.4560e+02	 5.4184e+00	 5.0757e-01	 3.1026e+02	 1.8156e+02	-8.4648e+01	 1.5145e+05	 1.4187e+04	-1.0675e+01
 1.5607e+04	 1.4560e+02	 5.5351e+00	 4.1961e-01	 3.1051e+02	 1.8419e+02	-8.5665e+01	 2.7479e+05	 2.0831e+04	-1.3191e+01
 1.0405e+04	 1.4560e+02	 5.6228e+00	 3.4140e-01	 3.1071e+02	 1.8662e+02	-8.6525e+01	 5.0660e+05	 3.0760e+04	-1.6470e+01
 6.9366e+03	 1.4560e+02	 5.6886e+00	 2.7617e-01	 3.1087e+02	 1.8912e+02	-8.7221e+01	 9.3940e+05	 4.5605e+04	-2.0598e+01
 4.6244e+03	 1.4560e+02	 5.7391e+00	 2.2390e-01	 3.1111e+02	 1.9169e+02	-8.7766e+01	 1.7380e+06	 6.7806e+04	-2.5632e+01
 3.0829e+03	 1.4560e+02	 5.7789e+00	 1.8360e-01	 3.1135e+02	 1.9450e+02	-8.8180e+01	 3.1794e+06	 1.0101e+05	-3.1476e+01
 2.0553e+03	 1.4560e+02	 5.8115e+00	 1.5301e-01	 3.1150e+02	 1.9694e+02	-8.8492e+01	 5.7225e+06	 1.5066e+05	-3.7982e+01
 1.3702e+03	 1.4560e+02	 5.8390e+00	 1.3001e-01	 3.1171e+02	 1.9937e+02	-8.8724e+01	 1.0102e+07	 2.2493e+05	-4.4912e+01
 9.1346e+02	 1.4560e+02	 5.8632e+00	 1.1356e-01	 3.1195e+02	 2.0212e+02	-8.8890e+01	 1.7348e+07	 3.3600e+05	-5.1630e+01
 6.0898e+02	 1.4560e+02	 5.8849e+00	 1.0190e-01	 3.1210e+02	 2.0465e+02	-8.9008e+01	 2.9000e+07	 5.0215e+05	-5.7752e+01
 4.0598e+02	 1.4560e+02	 5.9052e+00	 9.4107e-02	 3.1238e+02	 2.0756e+02	-8.9087e+01	 4.7102e+07	 7.5063e+05	-6.2750e+01
 2.7066e+02	 1.4560e+02	 5.9247e+00	 8.9643e-02	 3.1254e+02	 2.1000e+02	-8.9133e+01	 7.4171e+07	 1.1222e+06	-6.6092e+01
 1.8044e+02	 1.4560e+02	 5.9436e+00	 8.7931e-02	 3.1283e+02	 2.1270e+02	-8.9152e+01	 1.1342e+08	 1.6780e+06	-6.7594e+01
 1.2029e+02	 1.4560e+02	 5.9629e+00	 8.8771e-02	 3.1298e+02	 2.1544e+02	-8.9147e+01	 1.6853e+08	 2.5088e+06	-6.7172e+01
 1.0000e+02	 1.4560e+02	 5.9719e+00	 9.0423e-02	 3.1323e+02	 2.1814e+02	-8.9133e+01	 1.9902e+08	 3.0134e+06	-6.6044e+01
 9.0000e+05	 2.1540e+02	 3.8026e+00	 3.8754e-01	 3.1391e+02	 2.2700e+02	-8.4181e+01	 5.1595e+03	 5.2583e+02	-9.8121e+00
 6.0000e+05	 2.1540e+02	-1.3276e+00	 4.2050e+01	 3.1414e+02	 2.3011e+02	 1.8084e+00	 7.1327e+01	-2.2591e+03	 3.1573e-02
 4.0000e+05	 2.1540e+02	-5.2420e+00	 6.5270e+01	 3.1434e+02	 2.3172e+02	 4.5917e+00	 6.8928e+01	-8.5825e+02	 8.0313e-02
 2.6667e+05	 2.1540e+02	-1.1447e+01	 1.0208e+02	 3.1442e+02	 2.3323e+02	 6.3979e+00	 6.6106e+01	-5.8954e+02	 1.1213e-01
 1.7778e+05	 2.1540e+02	-2.0446e+01	 1.6099e+02	 3.1450e+02	 2.3473e+02	 7.2380e+00	 6.2877e+01	-4.9508e+02	 1.2700e-01
 1.1852e+05	 2.1540e+02	-3.3436e+01	 2.5478e+02	 3.1474e+02	 2.3761e+02	 7.4765e+00	 5.9596e+01	-4.5412e+02	 1.3124e-01
 7.9012e+04	 2.1540e+02	-4.8368e+01	 4.0074e+02	 3.1501e+02	 2.4061e+02	 6.8822e+00	 5.6835e+01	-4.7088e+02	 1.2070e-01
 5.2675e+04	 2.1540e+02	-6.2247e+01	 6.2594e+02	 3.1525e+02	 2.4342e+02	 5.6792e+00	 5.4580e+01	-5.4884e+02	 9.9446e-02
 3.5117e+04	 2.1540e+02	 5.3185e+00	 5.8157e-01	 3.1569e+02	 2.4872e+02	-8.3760e+01	 8.8115e+04	 9.6353e+03	-9.1450e+00
 2.3411e+04	 2.1540e+02	 5.4592e+00	 4.8735e-01	 3.1585e+02	 2.5156e+02	-8.4899e+01	 1.5773e+05	 1.4080e+04	-1.1202e+01
 1.5607e+04	 2.1540e+02	 5.5650e+00	 3.9818e-01	 3.1610e+02	 2.5419e+02	-8.5907e+01	 2.8958e+05	 2.0719e+04	-1.3976e+01
 1.0405e+04	 2.1540e+02	 5.6434e+00	 3.2151e-01	 3.1631e+02	 2.5662e+02	-8.6739e+01	 5.3794e+05	 3.0647e+04	-1.7553e+01
 6.9366e+03	 2.1540e+02	 5.7018e+00	 2.5946e-01	 3.1647e+02	 2.5906e+02	-8.7395e+01	 9.9989e+05	 4.5500e+04	-2.1976e+01
 4.6244e+03	 2.1540e+02	 5.7467e+00	 2.1114e-01	 3.1670e+02	 2.6156e+02	-8.7896e+01	 1.8431e+06	 6.7716e+04	-2.7218e+01
 3.0829e+03	 2.1540e+02	 5.7828e+00	 1.7465e-01	 3.1694e+02	 2.6453e+02	-8.8270e+01	 3.3423e+06	 1.0094e+05	-3.3111e+01
 2.0553e+03	 2.1540e+02	 5.8130e+00	 1.4767e-01	 3.1715e+02	 2.6700e+02	-8.8545e+01	 5.9292e+06	 1.5062e+05	-3.9364e+01
 1.3702e+03	 2.1540e+02	 5.8395e+00	 1.2795e-01	 3.1730e+02	 2.6950e+02	-8.8745e+01	 1.0265e+07	 2.2491e+05	-4.5638e+01
 9.1346e+02	 2.1540e+02	 5.8631e+00	 1.1410e-01	 3.1754e+02	 2.7212e+02	-8.8885e+01	 1.7266e+07	 3.3601e+05	-5.1386e+01
 6.0898e+02	 2.1540e+02	 5.8851e+00	 1.0458e-01	 3.1770e+02	 2.7469e+02	-8.8982e+01	 2.8256e+07	 5.0213e+05	-5.6273e+01
 4.0598e+02	 2.1540e+02	 5.9062e+00	 9.9108e-02	 3.1797e+02	 2.7745e+02	-8.9039e+01	 4.4725e+07	 7.5050e+05	-5.9594e+01
 2.7066e+02	 2.1540e+02	 5.9268e+00	 9.6449e-02	 3.1814e+02	 2.8000e+02	-8.9068e+01	 6.8937e+07	 1.1218e+06	-6.1451e+01
 1.8044e+02	 2.1540e+02	 5.9477e+00	 9.6764e-02	 3.1842e+02	 2.8272e+02	-8.9068e+01	 1.0307e+08	 1.6768e+06	-6.1467e+01
 1.2029e+02	 2.1540e+02	 5.9691e+00	 9.9592e-02	 3.1858e+02	 2.8544e+02	-8.9044e+01	 1.5021e+08	 2.5062e+06	-5.9936e+01
 1.0000e+02	 2.1540e+02	 5.9794e+00	 1.0227e-01	 3.1881e+02	 2.8814e+02	-8.9020e+01	 1.7596e+08	 3.0096e+06	-5.8465e+01